version: 1
analyzable: 1
text-src: testset.txt
extra-files:	
model-id: 3fbb46a9450dc96699c82ba71206bec2d5db327b

2	2	-0.7056365431097765	1.042967915958371	-0.3373313728485951
1	2	0.4270029941319447	0.0433829915241738	-0.4703859856561197
1	2	0.3193324912305209	0.1530387152989747	-0.4723712065294965
1	2	0.3273138027742744	0.06035458425947449	-0.3876683870337497
1	2	0.4570839653198632	0.05148508358137199	-0.508569048901236
2	2	-0.007482220004563079	0.3599029274126567	-0.3524207074080944
2	2	-0.03850320765913998	0.5342244295845293	-0.4957212219253904
2	2	-0.05646617047525696	0.494704586598681	-0.4382384161234247
2	2	-0.1070290189666356	0.5407566105649051	-0.4337275915982706
1	2	0.2588984990545862	0.1357456547534446	-0.3946441538080316
2	2	0.06144591615950827	0.281208756070074	-0.3426546722295828
1	1	0.3817652406559977	0.0921452456416107	-0.4739104862976096
2	1	-0.05297936124048849	0.4481360979473905	-0.3951567367069026
2	2	-0.2971814200955541	0.7637761013481131	-0.4665946812525598
1	2	0.2406069993810688	0.2176011776072498	-0.4582081769883201
1	1	0.6013901256761569	-0.1212175532994058	-0.4801725723767523
1	2	0.242667801726884	0.1572094935483511	-0.3998772952752362
1	1	0.2647805218503801	0.1129979071287177	-0.3777784289790985
2	2	0.01994006426354333	0.3776097653109257	-0.3975498295744698
1	1	0.2472387467641839	0.1431806079684738	-0.3904193547326587
2	1	-0.360701301744611	0.7747534819613933	-0.4140521802167825
2	1	-0.3696089137687626	0.8748898340825406	-0.5052809203137784
1	1	0.5863430373314064	-0.2455831130376637	-0.3407599242937434
1	2	0.3811209877789197	0.05855855301402134	-0.439679540792942
2	2	-0.04808199452414863	0.5260548636453529	-0.4779728691212055
2	2	-0.2171101770522494	0.5572410258618085	-0.3401308488095593
2	1	-0.4124007806363884	0.8888508159088767	-0.4764500352724889
1	1	0.6900091067352846	-0.3164842498619083	-0.3735248568733773
2	2	-0.1572630505170977	0.6934122732774426	-0.5361492227603458
2	1	0.02134867055339493	0.4032192719300947	-0.4245679424834902
1	2	0.5703846781630871	-0.07044730281456509	-0.4999373753485235
2	1	0.1517181604922921	0.2892497113591261	-0.4409678718514191
1	1	0.6778213802372424	-0.2455066570194386	-0.4323147232178042
1	1	0.5402160595367951	-0.1299120167040578	-0.4103040428327391
1	1	0.4913501634232564	-0.0240022252380551	-0.4673479381852019
2	2	0.08515210215595476	0.3503202310226088	-0.4354723331785644
2	2	-0.1898477494064193	0.6257662526560756	-0.4359185032496572
2	2	-0.02313045683911836	0.4330573489554414	-0.4099268921163237
1	2	0.6514847483627111	-0.2134146445764843	-0.4380701037862278
2	2	-0.2224617985319967	0.6144608101003822	-0.3919990115683865
2	2	-0.102120896921923	0.5526865732708424	-0.45056567634892
1	1	0.4981809835336063	0.01180551187161185	-0.5099864954052189
2	2	0.1128241650871996	0.2909984789394767	-0.4038226440266774
1	2	0.2957626891890442	0.1760494667088788	-0.4718121558979241
2	1	-0.2034551087481575	0.6370546056588019	-0.433599496910645
1	1	0.373250737744073	0.1238162536061848	-0.4970669913502588
2	2	0.002919193047434494	0.3543629777481196	-0.3572821707955549
1	1	0.3525411767245236	0.1521263121520915	-0.5046674888766159
1	2	0.5167466098122538	-0.03826671612190124	-0.4784798936903536
1	1	0.5619280370704366	-0.08305400677717091	-0.4788740302932664
1	1	0.4653094669549533	-0.03291956532205929	-0.4323899016328956
2	2	0.1325073022890427	0.3228945665069965	-0.4554018687960398
1	1	0.3936915427839242	0.05488723302951967	-0.4485787758134443
1	1	0.3474977281285506	0.0573649020341845	-0.4048626301627359
1	1	0.4471472371359141	-0.01789694260036605	-0.4292502945355489
1	1	0.2628345078761222	0.1259515765391059	-0.3887860844152288
2	1	-0.08248641205603481	0.5437164150764178	-0.4612300030203845
1	1	0.5469853808721488	-0.0597025766914169	-0.4872828041807331
2	1	-0.1543062134048506	0.5108642333439432	-0.3565580199390932
2	1	0.03880479670598289	0.4073606761574344	-0.4461654728634183
1	1	0.411005989743205	0.08246937315988447	-0.4934753629030905
2	1	0.1043794072364763	0.3545501549150981	-0.4589295621515752
2	1	-0.02116359943324232	0.5512191086891458	-0.5300555092559043
2	2	0.1156751892181877	0.3011014312672304	-0.4167766204854183
2	2	-0.004379750201965713	0.4661644710295922	-0.4617847208276273
1	1	0.5511982459019664	-0.09799100290897507	-0.4532072429929921
2	2	0.04732481762826612	0.3654523083902774	-0.4127771260185443
1	1	0.8017764381463712	-0.457797892074271	-0.343978546072101
1	1	0.5223296026063919	-0.05212860011085473	-0.4702010024955383
2	1	-0.1160806419134345	0.4685563101189905	-0.3524756682055557
1	1	0.5032942948829415	-0.06056504524255273	-0.4427292496403898
1	1	0.4053181922442805	0.1023922891795502	-0.5077104814238318
1	2	0.5058068421025357	-0.1413066943505128	-0.3645001477520236
1	1	0.4215851743649556	0.07341196906452702	-0.4949971434294834
2	2	0.1129505378225422	0.3651916004081107	-0.4781421382306535
1	1	0.3495574141053124	0.1200333146662514	-0.4695907287715652
2	2	-0.1701429109617202	0.5872243609964534	-0.4170814500347337
2	2	-0.5051515471270525	0.9974454833596004	-0.492293936232549
2	2	-0.1624441197803125	0.6871288944252696	-0.5246847746449579
1	1	0.4315841572793881	0.008009704320354603	-0.4395938615997438
2	1	0.2543566577341497	0.2660189002429614	-0.5203755579771115
1	2	0.7538283783597517	-0.2779964614404798	-0.475831916919273
1	2	0.8700087879772829	-0.517336494855693	-0.3526722931215908
2	2	-0.1273463236158063	0.5528044016654652	-0.4254580780496596
1	1	0.3996340125630307	0.08830609189615504	-0.4879401044591866
1	1	0.690916230153918	-0.2304959229555899	-0.4604203071983289
2	2	-0.2514660687049252	0.7016865794084843	-0.4502205107035595
2	2	-0.02315263918343109	0.4973285742071657	-0.4741759350237348
2	2	0.1789042734855047	0.354735893854585	-0.5336401673400909
1	1	0.3135994424647464	0.1182682958336011	-0.4318677382983483
2	2	0.1816762292429029	0.2171096445003428	-0.3987858737432468
1	2	0.7211199518154626	-0.2552801214827466	-0.4658398303327171
1	1	0.547696189061828	-0.03583989683610234	-0.5118562922257268
1	1	0.3030733474380497	0.1250453641889461	-0.4281187116269968
2	2	-0.3493375720163818	0.6630839881935824	-0.3137464161772004
2	2	-0.146801649409742	0.5331820905494939	-0.3863804411397526
2	2	0.1193876850804833	0.2842975907810981	-0.4036852758615825
2	2	0.1264100740453549	0.36315888163536	-0.4895689556807155
2	2	-0.1875862061743044	0.5793633978717353	-0.3917771916974315
2	2	-0.2236067129031573	0.6727982025131826	-0.449191489610026
1	2	0.2619110121965997	0.2011287126852789	-0.4630397248818794
1	1	0.2492563736880565	0.2076822290066791	-0.4569386026947364
1	1	0.6441249173066695	-0.1983734554550593	-0.4457514618516112
1	2	0.356402579987856	0.001484341467245137	-0.3578869214551018
1	2	0.5621292204226939	-0.09781656908641689	-0.4643126513362783
1	1	0.4649362080253937	-0.05029404579654343	-0.4146421622288509
1	1	0.7451095327668994	-0.3413501232639921	-0.4037594095029078
2	1	-0.0266914151747653	0.4368000029332214	-0.410108587758457
2	2	-0.08109908516659702	0.5645519609347683	-0.4834528757681722
2	2	0.05524687803717894	0.4142505547734223	-0.4694974328106022
1	2	0.3660923870902195	0.1033075234268477	-0.4693999105170681
2	2	0.01169343890051058	0.3984448304019538	-0.4101382693024649
1	1	0.315431372817651	0.1891668267840276	-0.5045981996016795
2	2	-0.0884788463965886	0.5228001247814245	-0.4343212783848368
2	2	0.1890665171279096	0.3398610894853623	-0.5289276066132734
2	2	0.1749486961805072	0.3236974773054611	-0.4986461734859692
2	1	0.06158337766311289	0.4207898356760461	-0.4823732133391605
2	2	0.198302239060076	0.2337269242479731	-0.4320291633080503
1	2	0.356402579987856	0.001484341467245137	-0.3578869214551018
1	2	0.356402579987856	0.001484341467245137	-0.3578869214551018
1	2	0.2995146707435293	0.1717568300410869	-0.4712715007846169
1	2	0.356402579987856	0.001484341467245137	-0.3578869214551018
1	1	0.5459818645628263	-0.05759011872581284	-0.4883917458370148
2	1	0.1347489780925823	0.3694556473181803	-0.5042046254107637
2	1	0.21619650433869	0.3262877640995618	-0.5424842684382527
1	1	0.5255987378585274	-0.0932381657218441	-0.4323605721366844
1	1	0.216046171466811	0.1801045186146643	-0.396150690081476
1	2	0.3742239779862911	0.1451766067122872	-0.5194005846985795
1	1	0.2686453233680061	0.169692232325923	-0.4383375556939304
1	2	0.3207276127253261	0.1332715094994872	-0.453999122224814
2	2	0.05303937883876544	0.3376744904996929	-0.3907138693384591
1	1	0.3302836451270734	0.1496387561233951	-0.4799224012504698
2	2	0.2181872992883214	0.2478591840229705	-0.4660464833112924
2	2	-0.5005283249539709	0.9223740978925641	-0.4218457729385939
1	1	0.311391991244711	0.149471603456035	-0.4608635947007474
2	2	-0.3925717018937789	0.7888873096669737	-0.3963156077731957
2	1	0.1250839210473678	0.2474740070371859	-0.3725579280845548
1	2	0.5570116431337694	-0.04525701115570264	-0.511754631978068
1	2	0.5048584644688409	-0.1013025245532947	-0.4035559399155475
2	2	-0.8131771092218156	1.301520514934143	-0.4883434057123286
2	2	0.2134221171848075	0.2716194363231122	-0.4850415535079204
2	1	-0.147527277600983	0.5350339086402418	-0.3875066310392593
2	2	-0.1294853014994018	0.6020539873313269	-0.4725686858319255
2	1	0.2006591814444442	0.2567621800213304	-0.4574213614657757
1	1	0.3794133769197337	0.09518201895874689	-0.4745953958784815
2	2	0.02629788146241828	0.3259438569641913	-0.3522417384266104
2	2	-0.1579639998039464	0.5907294578174186	-0.4327654580134728
2	2	-0.1701429109617202	0.5872243609964534	-0.4170814500347337
2	2	-0.1782923242340088	0.5389342846171976	-0.3606419603831895
1	2	0.6787016224755115	-0.1790597413877631	-0.4996418810877492
2	1	-0.3562844911649095	0.750311700320472	-0.394027209155563
2	2	0.1364837595996705	0.2973290713995748	-0.4338128309992459
2	2	0.1708717952255819	0.3292339015245896	-0.500105696750172
2	1	-0.3072314582275532	0.7069416225909649	-0.3997101643634128
1	1	0.5342736802605639	-0.06136525245301697	-0.4729084278075478
1	1	0.4223772247911927	-0.01407839005542168	-0.4082988347357717
1	1	0.5097017131967829	-0.09570464565031912	-0.4139970675464648
1	2	0.6524854793198445	-0.2280813435392091	-0.4244041357806358
1	2	0.3588552085203538	0.1134884458207647	-0.4723436543411189
2	1	-0.1774275343018338	0.5958161937328601	-0.4183886594310272
2	2	0.1109976496579635	0.3131142886589532	-0.4241119383169169
1	2	0.2817707949309274	0.2687275353014965	-0.5504983302324249
1	1	0.3263088054208373	0.1159147286201439	-0.4422235340409821
1	2	0.6695896342759919	-0.2250815768987794	-0.4445080573772139
2	2	-0.1208726312480419	0.5422108095718409	-0.4213381783237998
1	1	0.3401847472969791	0.08818617082737568	-0.4283709181243559
2	2	-0.59211591154417	1.012254066944021	-0.4201381553998505
1	2	0.314764265715258	0.06161336436474145	-0.3763776300800005
1	1	0.4221021491304598	-0.08003357622064412	-0.3420685729098161
1	1	0.3592931478158286	0.1356179147935314	-0.4949110626093613
1	2	0.6036575297214928	-0.1100798512838036	-0.49357767843769
2	2	0.003511284070126536	0.4359543338143304	-0.4394656178844571
2	2	0.05602692123738078	0.3657824631051177	-0.4218093843424992
2	2	0.05714798401184381	0.3602370542887041	-0.4173850383005486
2	2	-0.07955654625498935	0.4769860288191415	-0.3974294825641532
2	2	0.2293075390554025	0.2410571928214061	-0.4703647318768094
2	2	-0.0570175340167544	0.4335508398311757	-0.376533305814422
1	2	0.3024485840020746	0.2489052528744035	-0.5513538368764788
2	1	0.1165807369309647	0.2872031440168283	-0.4037838809477938
2	2	-0.1325944170645495	0.5468970910747513	-0.4143026740102029
1	1	0.5787474780574011	-0.1503590734775257	-0.4283884045798767
2	1	-0.02707935825135827	0.4318485994049858	-0.4047692411536278
1	2	0.540427752804946	-0.1565532769468454	-0.3838744758581012
1	1	0.7038470007848397	-0.2153984551607436	-0.4884485456240966
1	2	0.349951096830649	0.1097742258879887	-0.459725322718639
1	1	0.4225332520737988	-0.01372332329601422	-0.4088099287777853
2	2	-0.1181885462805467	0.5652712205645827	-0.4470826742840366
1	1	0.4651324690618029	-0.008057100447805457	-0.4570753686139986
2	2	0.04889532390086775	0.3623309687004387	-0.4112262926013072
1	1	0.384453964647838	0.06340774704180757	-0.4478617116896469
2	1	0.08778503503942113	0.2826902671624204	-0.3704753022018424
1	1	0.4049073901838484	-0.004502910457206723	-0.4004044797266428
2	2	0.1210138364689309	0.3360036911596443	-0.4570175276285762
2	2	0.09586124482208863	0.3984653015635884	-0.4943265463856782
2	2	-0.2720648784630391	0.6818009107515042	-0.4097360322884661
1	1	0.3650185937085482	0.06883979089108169	-0.4338583845996304
2	2	0.2129212394056974	0.2681997642620807	-0.4811210036677787
2	2	-0.2568662078068284	0.7222633346101542	-0.4653971268033262
1	1	0.7078131368210574	-0.2861458065209693	-0.4216673303000891
2	1	-0.03504232151260869	0.4372754772163148	-0.4022331557037072
2	2	-0.2471764197196068	0.6821753318644389	-0.4349989121448335
1	2	0.3689545633838089	0.08484233317309774	-0.4537968965569076
2	2	-0.202817874884209	0.5912380993342283	-0.3884202244500206
1	2	0.3469271829797264	0.09933763267480039	-0.4462648156545279
2	2	-0.001272425140253897	0.3536551165685904	-0.3523826914283374
2	2	-0.5465047584457022	0.9017619764626582	-0.3552572180169563
2	1	0.1853373751552342	0.2316412246328066	-0.4169785997880412
1	2	0.279392216542718	0.1400683612606984	-0.4194605778034174
1	1	0.5022437967925928	-0.1508173970395782	-0.351426399753015
2	2	-0.2164426478282673	0.6617175779180149	-0.4452749300897488
2	1	0.04643588047527361	0.4370901811138345	-0.4835260615891092
2	2	-0.1593070294623836	0.6300724713538646	-0.4707654418914812
1	1	0.322092746667918	0.1451764164574661	-0.4672691631253851
2	1	0.1627048307377558	0.3011623251659228	-0.4638671559036799
2	2	0.1399889112739229	0.2434720603154623	-0.383460971589386
2	2	-0.3575974181414968	0.8193323507913293	-0.4617349326498332
2	1	0.1594497931540232	0.2247813322195603	-0.3842311253735846
2	2	0.07572357884383778	0.3106859124418365	-0.386409491285675
1	2	0.422400911016766	-0.03018594474458672	-0.3922149662721798
1	2	0.6622640781637961	-0.2242059920152235	-0.4380580861485738
1	1	0.535894501261873	-0.1117566762921128	-0.4241378249697613
2	2	-0.3475374786454676	0.7135430463847874	-0.3660055677393205
1	1	0.2544252727484909	0.1606432096540883	-0.41506848240258
1	1	0.434682980079812	0.06930105774332943	-0.5039840378231425
2	1	0.1655715571386532	0.303374734444351	-0.4689462915830055
1	1	0.69607466860351	-0.2174882161117428	-0.4785864524917682
2	2	-0.2102220508357417	0.5249315703348392	-0.3147095194990976
2	2	-0.1532585113597773	0.5922801367817588	-0.4390216254219824
2	2	-0.06172405497810438	0.5026262854777868	-0.4409022304996839
2	1	0.14655510509678	0.244592391449384	-0.3911474965461651
2	2	-0.1860127255161451	0.6110614838417296	-0.4250487583255855
1	1	0.5372725004276848	-0.1087307695014044	-0.428541730926281
1	1	0.2947209307439589	0.1608753681642902	-0.4555962989082499
1	2	0.251076469731385	0.1626166101281298	-0.4136930798595156
1	2	0.2135445557340189	0.1342375564033545	-0.3477821121373738
2	2	-0.1600630065878502	0.6656950547148899	-0.5056320481270401
1	1	0.5881495132423824	-0.2509689029284053	-0.3371806103139776
1	2	0.2741189085658788	0.1385464379564561	-0.412665346522336
1	1	0.318801639730766	0.1100471027791731	-0.4288487425099403
2	1	-0.1220910330771665	0.4995092000044396	-0.3774181669272736
2	1	0.06161195697016311	0.2946783135594499	-0.3562902705296135
2	1	-0.1102133089933112	0.5307051428127056	-0.4204918338193957
2	2	-0.02771906344897612	0.4069264662945656	-0.3792074028455906
1	1	0.4419081121442264	-0.0006536794450655858	-0.441254432699162
1	1	0.6216672068354729	-0.1569932214192465	-0.4646739854162275
2	2	0.1914505321752284	0.2417154546607468	-0.433165986835976
1	1	0.2703469842306692	0.1523443363217416	-0.4226913205524119
1	2	0.2419121996794932	0.1647213550127614	-0.4066335546922553
2	1	0.1389267109057574	0.2788275296237334	-0.4177542405294918
2	2	-0.1237878979599494	0.5328442501107239	-0.409056352150775
1	2	0.6879697966934402	-0.2556979705684105	-0.4322718261250308
2	2	-0.09238109630871609	0.5291868260304746	-0.4368057297217602
1	1	0.3658620221865843	0.04619034347880469	-0.4120523656653901
2	1	0.04714275720220751	0.3445445403250175	-0.391687297527226
1	1	0.3879601171642322	0.05368159843074714	-0.4416417155949807
2	2	-0.1607996506138065	0.605606463015669	-0.4448068124018633
2	1	-0.1802679947567438	0.6343524740053049	-0.454084479248562
1	2	0.4336986291114469	0.02669507013324143	-0.4603936992446894
2	2	0.0466821221891822	0.3189401091536196	-0.3656222313428028
2	2	0.1491923506604692	0.2926017179936596	-0.4417940686541294
2	1	0.1933219966365695	0.2567252038104238	-0.4500472004469946
2	2	0.1526954315822264	0.318874079973467	-0.4715695115556946
1	2	0.3113870897788557	0.1720154204710203	-0.4834025102498766
2	2	-0.08204318349313666	0.5356841191509648	-0.4536409356578294
1	2	0.7775992540678301	-0.3884160721145865	-0.3891831819532447
1	1	0.2616593291976941	0.1730381215586132	-0.4346974507563081
2	2	0.100328806204247	0.3004935440269578	-0.4008223502312058
2	2	-0.5213800371754602	0.9161960271326575	-0.3948159899571976
1	1	0.5456507310404352	-0.08197946273611287	-0.4636712683043235
2	1	0.0842529161942419	0.3578958590971802	-0.442148775291423
2	1	-0.1347701890480485	0.5101401502264292	-0.375369961178382
1	1	0.4481187890132105	-0.02015642909402733	-0.4279623599191838
1	2	0.3361556263108573	0.1863586313135302	-0.5225142576243891
2	2	0.01740116136375196	0.3702005528222054	-0.387601714185958
2	2	-0.1541324512436172	0.576246955806923	-0.4221145045633065
1	1	0.3610887395762457	0.06509490207283432	-0.4261836416490815
1	1	0.601694445778984	-0.1413575797117247	-0.4603368660672606
2	2	-0.1449184720194003	0.6476141105908935	-0.5026956385714947
2	2	-0.0755288296946261	0.5338534632221007	-0.458324633527475
1	2	0.1877802308720065	0.1550465177760984	-0.3428267486481055
2	2	0.0974186834812584	0.2872729124802338	-0.384691595961493
2	2	-0.1703823497543436	0.5524293508846482	-0.3820470011303055
1	2	0.4796281356716451	-0.03947180478917978	-0.4401563308824664
1	1	0.671870621519336	-0.2282232779784838	-0.443647343540853
1	2	0.2720277478014083	0.2217846369288615	-0.4938123847302708
2	1	-0.03146773150428439	0.4291668614490612	-0.397699129944777
1	2	0.4545694394137986	-0.01583709499795002	-0.4387323444158495
1	1	0.5205584377246525	-0.06335332979528777	-0.4572051079293658
2	2	-0.4391080400079512	0.7792853973012291	-0.3401773572932791
1	2	0.3293469238945587	0.1093204941018267	-0.4386674179963861
1	1	0.6716415599667667	-0.2111441612809718	-0.4604973986857956
1	1	0.5214358179396678	-0.07943946412622395	-0.4419963538134444
2	2	-0.3036168457712365	0.6689733915324524	-0.3653565457612167
2	2	0.04274232153762379	0.3484124300257582	-0.3911547515633833
1	2	0.2641718221029334	0.1364551252468029	-0.4006269473497376
1	1	0.4933666740282955	-0.0290444914514672	-0.4643221825768293
2	2	0.2460485457831865	0.247116372573017	-0.4931649183562048
2	2	0.03416639682226677	0.4680947817093862	-0.502261178531654
2	2	-0.3487650428040939	0.79912913128299	-0.4503640884788967
