version: 1
analyzable: 1
text-src: anxiety_testset.csv
extra-files:	
model-id: 886a1cabe3f6d203d8e59d043351425a17b22b00

0	1	0.5664133618211963	0.5824903289479071	-0.1897621602931996	-0.07692894682482063	-0.07708098118840771	-0.1155631978989281	-0.115498673616594	-0.1157342695079604	-0.07700487815798139	-0.1154442058435763	-0.04185550403050934	-0.115593883866058	-0.1084369895410712
0	0	0.07368328643229241	1.127325227922888	-0.2155452707594467	-0.06557493155360256	-0.06566868790908947	-0.1161840472088694	-0.1161839144914874	-0.1163533070314766	-0.06563102319601347	-0.1161531852818325	-0.08701647066613363	-0.1162782076091444	-0.1204194686480893
0	0	0.01790203319021577	1.002196297934253	-0.1921192033072609	-0.06554813369233237	-0.06568790284695072	-0.1068604092276603	-0.106817981316781	-0.10696487369045	-0.06559905357309848	-0.1067500548398168	-0.006808362189196676	-0.1069130179271108	-0.09002933851381451
0	0	0.3086894020120859	0.5993590103600648	-0.1904959064911762	-0.04771594349781613	-0.0478371198220988	-0.08938391599844651	-0.08933289961599515	-0.08938405421274027	-0.04766692702703759	-0.08928004139149476	-0.03935616203026747	-0.08939660826673138	-0.0881988340183512
0	0	-0.0424273299124449	1.469063010164831	-0.2293372127267004	-0.08994181387724395	-0.09014433888569331	-0.1399694817349837	-0.1399547977530937	-0.1402397896524661	-0.09017807158996397	-0.139878941353697	-0.1023115892064579	-0.1400330719243789	-0.1246465715477116
0	0	-0.05906520632335575	1.088768987732355	-0.09334316025480677	-0.1103947638983368	-0.1104396355904752	-0.08215430448900496	-0.08210742939445909	-0.08210289020010554	-0.1105215514149326	-0.08202606782264792	-0.129920215871693	-0.08214912455208906	-0.06454463792045244
0	0	0.4693632341818756	0.7608969253596652	-0.2002475459856863	-0.08145581244290148	-0.08164801553209426	-0.11857982990262	-0.118506226642687	-0.1186960563536027	-0.08162417108525429	-0.1184333478981167	-0.09805005289258205	-0.1186025155239696	-0.09441658528203102
0	0	-0.07633088462522905	1.260570877672448	-0.1020945006056651	-0.1200950449580588	-0.1201377092363243	-0.1005128481101619	-0.1004936481549654	-0.100541706211868	-0.120226207252163	-0.1004653554857868	-0.1530933746484746	-0.1005537988566346	-0.06602579952712145
0	0	0.2115019128140869	0.8675006400710763	-0.09400273669674719	-0.09511957740850346	-0.09512775684256923	-0.09224115277188896	-0.09223103107475046	-0.09220912326977053	-0.09509421827990686	-0.09221570624422241	-0.1163540051992051	-0.09229661960600283	-0.1221106254916007
0	0	0.1516162830645366	1.158110704656765	-0.2116601985855277	-0.08373715080334636	-0.08386950719768338	-0.1242819665567796	-0.1242388329888287	-0.1244734820447766	-0.08389829134907309	-0.1241805107970479	-0.1095175666202378	-0.1243343676541442	-0.1155351131238604
0	1	-0.1707461826121	1.167605496412311	-0.0949244859469415	-0.1072543190031562	-0.1073452794464294	-0.08008313940563734	-0.08004569633866573	-0.08000451013874657	-0.1074147747654675	-0.07996063166558377	-0.04591817541347655	-0.08006643609447474	-0.1338418655816379
0	0	-0.01279977215111489	1.1976082535231	-0.0974561186092146	-0.1290714164592421	-0.1292054043794207	-0.08616536439518555	-0.08609926808631714	-0.08599264204143217	-0.1292658328662892	-0.08599634893592556	-0.1445887585436025	-0.08611513245578095	-0.1248521945995819
0	0	0.06908820073336225	1.210388151419509	-0.2148188286409274	-0.07607527708441808	-0.07616539667983638	-0.1244684116240493	-0.1244483436499166	-0.1246230163046944	-0.07613028797646292	-0.1244050271961515	-0.0920754553096451	-0.1245532502223548	-0.1217130574644179
0	0	0.1588290918832305	1.020228879471721	-0.09923834791604751	-0.1202866161791375	-0.1203709584911572	-0.0915900091459827	-0.0915445052530809	-0.09150955005714595	-0.1204532003401767	-0.09146971324558503	-0.1409735097256284	-0.09158217585842021	-0.1200393851425951
0	1	0.4817993881471903	0.5540472685906622	-0.09304161721672931	-0.1111841222008066	-0.1111929579312798	-0.08170607403974842	-0.08170354018442422	-0.0816463743935444	-0.1112829573856327	-0.08165517519776448	-0.1169788495011237	-0.08175961191284695	-0.08369537677395636
0	0	0.201130906437091	0.8945149237033736	-0.2076546543682806	-0.05930928455966423	-0.05933588808776577	-0.1050524154039262	-0.1049664198051845	-0.1051209436448283	-0.05926487217345154	-0.1049787624551212	-0.09468226545009996	-0.1050713941225717	-0.09020893006957563
0	0	0.1287559982727906	0.8211629004718796	-0.1832676062507532	-0.06284752532612133	-0.06293147382381868	-0.09654804441413325	-0.09651945424766903	-0.09664811934325362	-0.06292296618043584	-0.09645917518885931	-0.03324115264828652	-0.09658021847284674	-0.06195316284849586
0	0	0.04382926027429051	0.6470129742665727	-0.1428673525418493	-0.02939936188271497	-0.02946121359816846	-0.06559753453596909	-0.06561248545872427	-0.06564462134122215	-0.02933514093667077	-0.06560093936882978	-0.05962395446816796	-0.06565294657502935	-0.07204668383351985
0	0	0.4047361909625755	0.7828802775567817	-0.1261273981874868	-0.1176268384841871	-0.1177474784994296	-0.09292801298165762	-0.09291955274104893	-0.09284054452700032	-0.1177646670099124	-0.09280940829722469	-0.1202548283449119	-0.09295528553782806	-0.1236424539086736
0	0	0.3843050986092327	0.7261589959630848	-0.1743962733252349	-0.07877957239980836	-0.07890530468037359	-0.1077408679635543	-0.1077183781852684	-0.1078882819446586	-0.07889893950463048	-0.1076657832840197	-0.07441217920331314	-0.1077819376540152	-0.08627657642744455
0	0	-0.3589460253589035	1.373510594433648	-0.09699763662388058	-0.1015855804552293	-0.1015955114526414	-0.07560299678831583	-0.07558227309697182	-0.0754635476394809	-0.101615089373218	-0.07553608751089416	-0.1232212485615897	-0.07562991552647121	-0.1117346820460565
0	1	0.1214022389201813	1.089178864869894	-0.1973270841835357	-0.07528727930901154	-0.07547367843628121	-0.1199995806857346	-0.119972478422483	-0.1201719673496881	-0.07545562117870203	-0.1198940763173958	-0.08113792733444827	-0.1200413945835185	-0.1058200159892802
0	0	0.1631444475731363	0.7447693730847825	-0.08517576361794862	-0.09843455194976029	-0.09849201627720794	-0.07212575742825483	-0.07208845069025739	-0.071984832517305	-0.09852218916035252	-0.07198985479767403	-0.11657202818905	-0.07212742164747792	-0.05040095438263421
0	0	0.3806563209344848	0.8582882978811626	-0.202998137907541	-0.07849724527152084	-0.07853689230489756	-0.1182636954667539	-0.1182033613520189	-0.1184065682085208	-0.07856439404513184	-0.1181801427707518	-0.1096640166640236	-0.1183028084419335	-0.09932735638255762
0	0	0.1710228470712942	0.9830764756645106	-0.1042208277010621	-0.1288710824239042	-0.1289265963326599	-0.09085327983659713	-0.09079953072872518	-0.09070860285919359	-0.1289771609342604	-0.0906843735947812	-0.143805870770516	-0.09086416913552736	-0.06538782841858293
0	0	0.2365891641157276	1.084911285266833	-0.2479817454571232	-0.07579142376355431	-0.07601771606934156	-0.1312824651325757	-0.1312227791009194	-0.1314189674185803	-0.07594831034610731	-0.1311124720556935	-0.08059154206041184	-0.1313000530476082	-0.1088329749306517
0	1	0.1778822686402259	0.8234701183597146	-0.1001666323132956	-0.1130014427931411	-0.1130762474188187	-0.08879070236223603	-0.08876789929175831	-0.08883514990052584	-0.1130896359923111	-0.088718458152409	-0.006422192009362658	-0.08882228583021892	-0.1116617409358678
1	0	0.6682064672036152	0.5917616704918149	-0.1138852514378924	-0.1266068357802864	-0.1266319658933356	-0.1084338875768808	-0.1084391436656442	-0.1084903687709947	-0.1267312204804675	-0.1083869963650199	-0.1306913885378648	-0.1085159051817748	-0.09315517400527368
0	0	-0.2259301683047379	0.577997933652122	0.02978908562933027	-0.01387229358078152	-0.01393700889143831	-0.03040006326164768	-0.03041618187135177	-0.03021039689429021	-0.01375115899832247	-0.03038402782679141	-0.09078159541873708	-0.03040136338643427	-0.09770276084692212
0	0	0.1121912791235373	1.066145264809287	-0.2049501492114174	-0.06662150701178762	-0.06679873562100903	-0.1216505709656231	-0.12167444930905	-0.1218915165596659	-0.06672747984803452	-0.1216112768864437	-0.05164724861415732	-0.1217540420638638	-0.1130095678417751
0	0	0.2700247865806057	0.9625909811338765	-0.2477652852546328	-0.06509967932005963	-0.06526699815923501	-0.1229386999388615	-0.1228999020319284	-0.1230315725161138	-0.06515299598494671	-0.122806738802119	-0.05919896181341345	-0.1229704334160718	-0.1154845004771055
1	1	0.6118001620656139	0.6048212670460739	-0.1853458111096512	-0.08065388931888362	-0.08075354486149418	-0.1218469479818256	-0.1218461743582396	-0.1219893836643812	-0.0807285001354846	-0.1217664754624547	-0.07544834095633259	-0.1219111032892391	-0.1043312579737053
0	1	0.4380551957850821	0.8618826830120213	-0.1440237618452787	-0.1097663510728305	-0.109809407367843	-0.1378890424878977	-0.1378496131861068	-0.1382328976084871	-0.1099603639501124	-0.1378165396832081	-0.06168179846874757	-0.1379837117526902	-0.07492439137390457
Memorial Park; 9-11:30 a.m. on Nov. 11, Vets Day. http://t.…"	**not in training**	-0.5015400636178221	0.1074436795915364	0.1089518427068094	-0.007075218649939843	-0.007194453659180856	0.1080917748042876	0.1080672166812161	0.109179755961524	-0.00684559061834469	0.1081862671129081	-0.14615081731726	0.1082506583717346	-0.08936505136747534
0	0	0.5369121922751446	0.7261117990050948	-0.2188503663023234	-0.07725260082400447	-0.07735233223142213	-0.1284966842240799	-0.1284208624875793	-0.1286002761190704	-0.0773068786229887	-0.1283361270628361	-0.07840316640615294	-0.1285315360796484	-0.0914731609201377
0	0	0.6315850988430546	0.7032416294332359	-0.2160406463528333	-0.08551412163658609	-0.08573631035067519	-0.1331001611332075	-0.1330508404065776	-0.1332922243704049	-0.08572950920242672	-0.13298044062783	-0.07100968730115134	-0.1331385299473754	-0.1252342569472274
0	0	-0.1518311926538348	1.201788093592715	-0.1041926954920605	-0.09984468974386025	-0.09984620371626371	-0.08963203506875705	-0.0895836438463638	-0.08959037627066221	-0.09989495555882705	-0.08952989851612583	-0.0832318047451083	-0.08962899867491939	-0.1149815993059354
0	0	-0.02874126431668755	1.185502804662053	-0.0934255389738135	-0.1334310034353244	-0.133564204700515	-0.08132466027263091	-0.08131560873050722	-0.0810812113532218	-0.1335147766851646	-0.08118075979070613	-0.1330810721185982	-0.08130599735819846	-0.1235367069266931
0	0	-0.4283076223425678	0.3565370026094518	0.05326735623721732	-0.02341428595721273	-0.02348320707190663	0.05445666195616575	0.05441265197637819	0.05511738110835018	-0.02327543989256814	0.05447789411081738	-0.1146972221061626	0.0545188671989871	-0.06961003782695394
0	0	0.4628555646289944	0.736994803434213	-0.1944936474042255	-0.09519868180441914	-0.09525306164721452	-0.1219961720268947	-0.1219359873832672	-0.1221444400796727	-0.09526008940329667	-0.1219170163590685	-0.001573830271321304	-0.1220528064128616	-0.1080246352709697
0	0	-0.1232029752662648	1.298407257653432	-0.1085062936566943	-0.1101367432244308	-0.1102103648998612	-0.1048679583978278	-0.1048498117354368	-0.1049057900676128	-0.1102782124742858	-0.1047598783678433	-0.1121500447141661	-0.104919050736922	-0.0996201341120893
0	0	-0.1491696610951559	1.193792358382858	-0.09607472301886641	-0.1068662619799941	-0.106978987817619	-0.08468380623808754	-0.08470172087310943	-0.08464013448395399	-0.1069923270179367	-0.08459153021726648	-0.1061773864305081	-0.08471385457879518	-0.0982019646315693
0	0	-0.2305115542541832	1.481957918170937	-0.1138629522357533	-0.1272319312891541	-0.1273539710352591	-0.1032173446686148	-0.1032727046164471	-0.1031943042086779	-0.12736803350677	-0.1031465663913906	-0.1255800225995016	-0.1032756011780001	-0.1139429321871892
0	0	-0.03993450140487222	1.233505116517048	-0.1076405066184591	-0.115688552465718	-0.1157989457956465	-0.09582347207148648	-0.09584448373811784	-0.09583508160383225	-0.115885005853123	-0.09573903281063464	-0.1317189728579677	-0.09588129423269728	-0.1277152670644976
0	0	-0.4428311773029799	1.556214441617969	-0.1034582767029537	-0.1018548846280393	-0.1018967159858753	-0.09274951684819337	-0.09276398239436105	-0.09273489586556527	-0.1018796034896792	-0.0927310987155089	-0.1273949347144541	-0.09282538004769604	-0.113093974922666
0	0	0.05826268985863856	1.16059111944216	-0.1141399236658548	-0.1151871032868485	-0.1152171727346121	-0.1024754706804236	-0.1024416214753689	-0.1025048219923252	-0.1152375255845237	-0.1024138452729292	-0.1329838334787813	-0.1025285823332483	-0.1137239087958869
0	1	0.4509016850107743	0.7677471653982204	-0.2186523936977321	-0.07673749846926149	-0.07691912795319798	-0.1203800792822168	-0.1203629829491882	-0.1205466811406163	-0.076821984572801	-0.1202683889562128	-0.04273819694411497	-0.1204516282061766	-0.1247698882374811
0	0	0.1607789868525807	1.115030852456045	-0.2219359780466225	-0.07741821301804942	-0.07756747869450353	-0.126858934213502	-0.1267147093523309	-0.1269316324402643	-0.07758841862018422	-0.1266187182582778	-0.05378693388330556	-0.1268228919747594	-0.1335659308068319
0	0	0.4235626325695684	0.7579421408389891	-0.09686660078582927	-0.1182359618764541	-0.1183301979342468	-0.09615393565657677	-0.09615845593856673	-0.09607099789295705	-0.1183323339228128	-0.0960761439434903	-0.1354526173227539	-0.09617557211115267	-0.1136519560237226
0	1	0.4563757526809759	0.6094343208520557	-0.1126646817221996	-0.114987272820138	-0.1150071913355985	-0.1006353394840198	-0.1005860857880589	-0.1004773827613645	-0.115047577136851	-0.1004553546456944	-0.08611703582472943	-0.1006158760659928	-0.01921627594838848
1	0	0.5200423159855975	0.4560096695722574	-0.1039475290854633	-0.1080276509592153	-0.1081332963417665	-0.08458652950282611	-0.08448148473375015	-0.08445707115136725	-0.1080965151429492	-0.08439574496286437	-0.05215265575525349	-0.08455426435550431	-0.07321924356689921
0	1	0.4547113970057449	0.8052087662905183	-0.2069067116562964	-0.08121405115826758	-0.08136898547198181	-0.1216368337496974	-0.1215786487548447	-0.1217938897701751	-0.08135156791530831	-0.1215022489568595	-0.1046697151550856	-0.121650755743974	-0.09624675496377771
0	0	0.03586216441726395	0.9772380446719546	-0.1013891606678703	-0.08698492325786317	-0.08713855142705983	-0.09579037549861175	-0.0957700590274919	-0.09580206368958753	-0.08711895051581972	-0.09566643452773652	-0.06434162699524323	-0.09581196262153945	-0.1072861008603983
0	0	0.1414702018912894	1.059928008033046	-0.1929792421155934	-0.0752422441237121	-0.07539961724210795	-0.1165228263063746	-0.1165158988636921	-0.1167031032185876	-0.07543884641652068	-0.1164512464728663	-0.08819101810273557	-0.1166023635087179	-0.1113518035534321
0	0	-0.373443891708396	1.561027159961214	-0.1097590865337711	-0.1143735991947386	-0.1143698728592952	-0.09391999868846651	-0.09385064895969318	-0.09384943482866283	-0.1143925711479523	-0.09381363951937971	-0.158461371846152	-0.09393098149571541	-0.1068620631789959
0	0	0.1587481522532993	1.121954644555007	-0.2006730634447146	-0.0856565693523776	-0.08582474955835544	-0.1270888350109152	-0.1270735531585309	-0.127321340447171	-0.0858584121427102	-0.1269862908187182	-0.08762743367568704	-0.1271475565955471	-0.09944499260358228
0	0	0.2211432701993358	1.096209762326607	-0.2497288996918564	-0.07611290289930786	-0.07614891713300223	-0.1250776124138571	-0.1249784007174994	-0.1251332528655771	-0.07604706930596072	-0.1249648380703213	-0.1059531756397359	-0.1251265379487977	-0.1080814258400323
0	0	0.352165365321618	0.7804796902913603	-0.2091710684834767	-0.06573625416806268	-0.06584016045853863	-0.1133346228661985	-0.113323006828982	-0.1134412993836858	-0.0657590669011771	-0.1132248056813123	-0.07282803426198357	-0.1133794500911964	-0.08660728648836839
0	0	-0.1542567180255379	1.106503532322378	-0.08087457842860375	-0.1019973865226665	-0.1019354423789915	-0.06380575403576252	-0.06378814048486493	-0.06360907636926362	-0.1019007709323341	-0.06376746301949501	-0.1315951376888593	-0.06383991153173935	-0.1151331529042652
0	0	0.0495789363784977	1.352767476669588	-0.2730023029048083	-0.08554583559281675	-0.08577784272719008	-0.1377478533812758	-0.1376759648906693	-0.1378806133101425	-0.08574356734524424	-0.1375707946359774	-0.04642371558061023	-0.137747239572707	-0.1372306831066503
0	0	0.2498407627266269	0.8873489689458818	-0.09776583090806459	-0.1264068165354146	-0.1265353999084321	-0.09103513907886659	-0.09100772858160697	-0.0909047927582531	-0.1265079848783084	-0.09088607888124643	-0.07357572147127139	-0.09102467817013121	-0.1315395605009194
0	0	-0.03957307199009003	1.120966320311032	-0.09404154089750323	-0.1159937693048137	-0.1160908612246989	-0.08549348639853588	-0.08547972977330184	-0.08541990158805896	-0.1161552697590403	-0.08539844179357076	-0.09784869452317001	-0.08551562290070319	-0.1139559301575508
0	0	0.1659315168868459	0.7099420530974491	-0.08019210548274185	-0.09398477400720735	-0.09405342737645241	-0.06691869132148631	-0.06687909278858806	-0.06681665215061425	-0.0940529081096742	-0.06681568759739455	-0.08938487171934444	-0.06691926791515425	-0.08985609151564176
0	0	0.4533967036811756	0.6548933263157031	-0.1834609029581526	-0.06893874984562319	-0.06906331180572371	-0.1059984766721609	-0.1059284154811781	-0.1061292521393089	-0.06908385127563178	-0.1058836193708367	-0.09213512450255501	-0.1060200945514125	-0.09564823139429966
0	0	0.2095077333801022	1.188340539025873	-0.2288757785375919	-0.08894811489236519	-0.08913164214342909	-0.1437664400073191	-0.1438191862654971	-0.1440549365896931	-0.08909602427524832	-0.1437266905440198	-0.06342213742559635	-0.1438804602649362	-0.1191268614602825
0	0	0.2460416884888315	0.907253368236163	-0.2051634030055683	-0.07413107173111573	-0.07426315044243549	-0.1162149302647592	-0.1161460917047794	-0.1163035691741166	-0.0741953164312492	-0.1160732007223469	-0.04529537460999775	-0.1162281479411019	-0.09928080069752805
0	0	-0.03085450294918264	0.970634255492155	-0.08715386445728061	-0.1016995637306571	-0.1017333483820328	-0.08205843279572245	-0.08210164738058649	-0.08208747308494325	-0.101820624674822	-0.08203946983757908	-0.04574113228343549	-0.08214183770397249	-0.09120235821194396
0	0	-0.002353651728544518	1.262385681764089	-0.1223144865537713	-0.1332256880666666	-0.1333134000783009	-0.1044657857564862	-0.1044891350043905	-0.1044057592476032	-0.1333810374286779	-0.1043539231351874	-0.1336874868324095	-0.1045256476898359	-0.08186968024221955
0	0	0.241400516428453	1.301320185985543	-0.2747336349000013	-0.09054694722919449	-0.09080454267915519	-0.1476171424337783	-0.1475430965353105	-0.1478092801408277	-0.09077702089102668	-0.1474633210074417	-0.1123017119495055	-0.1476388582749592	-0.1454851463728024
0	1	0.1943909679087044	0.8741354927822428	-0.09775900510593025	-0.1003224052675705	-0.1003560997039297	-0.08955568988884023	-0.08954105796833937	-0.08944621349240771	-0.1003973023983674	-0.08946089148312268	-0.1129244589548296	-0.08958994404473186	-0.109173392382883
0	0	-0.02768035163691123	1.085574648641042	-0.1972711555705062	-0.0574346628783028	-0.05757107703451726	-0.1048600052631343	-0.1048452734945131	-0.1049372412557141	-0.05752262402406993	-0.1047469374229827	-0.05873208099724381	-0.1049038314585856	-0.1050694076045652
0	0	0.3061285837706497	1.058954269168451	-0.2183418713455866	-0.08603499896558638	-0.08626847532502681	-0.1386866076507322	-0.1386974686301739	-0.1389385005365193	-0.08619393986965478	-0.1386112476299197	-0.06426204341318763	-0.1387698327334687	-0.1302778668392489
1	0	0.7785431322377007	0.5117683895540682	-0.2212605098172168	-0.07816269009598155	-0.07826020431580311	-0.126513332414999	-0.1264370640542671	-0.1266150832150533	-0.07825030853344062	-0.1263613345078294	-0.09925053466954738	-0.1265384230413147	-0.1026620371263199
0	0	0.2536014118595708	1.112567584877028	-0.2276027233291768	-0.1003128777797716	-0.1004320750730482	-0.1432053822547721	-0.143153222450231	-0.143423143057634	-0.1003972895131102	-0.1430707096860384	-0.06621147753607183	-0.1432263949222786	-0.05513370113446926
0	0	0.5773535111205202	0.6768466602177852	-0.2200154955754869	-0.08007814781041207	-0.08022693366912885	-0.1235382004405886	-0.1234698278460776	-0.123656036738082	-0.08023068488523738	-0.1233802918580704	-0.08163492843308824	-0.1235631493271223	-0.09440647475501655
0	0	-0.1407028255452958	1.300506290661714	-0.109940381185571	-0.1069256742567842	-0.1069385578737619	-0.1020982501604468	-0.1021079847262643	-0.1021118485779094	-0.1069099747952653	-0.1020616189864682	-0.1140734004983346	-0.1021597532282594	-0.1044760208273568
0	0	-0.2606087053522355	1.341196413139712	-0.1045270426044645	-0.1077144526912755	-0.1076827025295837	-0.08880952973474164	-0.08877545690665449	-0.08880064078398495	-0.1077547114565639	-0.08872547314102922	-0.1107926590701418	-0.08883510409069029	-0.09816993477835056
0	0	-0.1262183942067582	1.425724054938312	-0.1171410782996266	-0.1264546499274914	-0.1265313021060017	-0.112741264229224	-0.1127748811808429	-0.11280327218759	-0.1265844060134167	-0.1126871998137669	-0.1368797097258092	-0.1128318385373696	-0.1020760587104182
0	0	0.07736181241821999	0.7397944965086544	-0.06959248649204107	-0.08225951775009016	-0.08227583751344007	-0.06285315741821715	-0.06282079891024177	-0.06275037573615334	-0.08233045967860983	-0.06279221798784673	-0.09291143122376601	-0.06285575238835991	-0.09371427382811283
0	0	-0.07600358740969998	1.128313520118359	-0.1001178795276534	-0.1016175239506189	-0.101554758491568	-0.08529767710893743	-0.08525633059029622	-0.08526460389416431	-0.1015858232556822	-0.08525496219996739	-0.1147757227228448	-0.08534468676061692	-0.1062399642063138
0	1	0.3019843983067413	0.908152581430427	-0.1056838754737618	-0.1157338136477335	-0.1157584512168455	-0.1014248291108383	-0.1013939037936821	-0.1014191838516554	-0.1158538074902831	-0.1013282602860822	-0.150528459163928	-0.1014446254258531	-0.09956777027651041
0	1	0.306571052932715	0.9740161444871807	-0.2241536253719041	-0.07714245498739455	-0.07730412744985733	-0.1260094642675861	-0.1259345321682706	-0.1261567969061924	-0.07733399196306485	-0.1258760825758894	-0.08272290577557152	-0.1260333317701368	-0.1119198841840334
0	0	0.2360625810876522	1.031728229386558	-0.2490953084104631	-0.06785834510267051	-0.06793308808705907	-0.121482854925957	-0.1214470415733549	-0.1216116955907012	-0.06780103935245792	-0.1214232865734479	-0.07269959273444758	-0.1215419783514583	-0.1348965797721987
0	1	0.2012763774098309	0.8388797801793221	-0.09753899978626346	-0.1064156757734174	-0.1064833760999538	-0.08423348109175935	-0.08418801554322052	-0.08417251724737326	-0.1065440352174846	-0.08413416415442218	-0.1093992084900832	-0.08424428415457376	-0.09280240003060646
0	0	0.2779083484553139	1.093562064032336	-0.2362646326363829	-0.08760697714122768	-0.08781516481989524	-0.1406518626477657	-0.1406204295467182	-0.1409056609741171	-0.08769405050771362	-0.1405589640140618	-0.05390915522007327	-0.1407231679027053	-0.1147203470769934
0	0	0.2103474590487483	1.059640496251037	-0.2196049791289684	-0.08695081207395614	-0.08706156486698967	-0.1342916672140504	-0.1342638865502248	-0.1344872329031453	-0.08701157017819165	-0.1341776733955118	-0.02115351939648342	-0.1343613380759592	-0.09662371151630839
0	0	0.1453160638691516	1.334835233833809	-0.3103753649860966	-0.07298072908338669	-0.07327155687085196	-0.1511240206791561	-0.1510801572339497	-0.1512693059591651	-0.07308826333617055	-0.1509547351414693	-0.06011987715424001	-0.1511696596624153	-0.1347176275960659
0	0	-0.1009027621640067	1.149205582750643	-0.09764989428459454	-0.121057380245292	-0.1211466603266834	-0.08202922552244052	-0.0819979688353593	-0.08181321170436635	-0.1211226929029617	-0.08184688603431184	-0.13724888853147	-0.08200708016263891	-0.040382932036524
0	0	-0.121181315669931	1.296476481693983	-0.1065641508396572	-0.1161484541848866	-0.1162443048248998	-0.09870698694053723	-0.09879941853463962	-0.09872044183875672	-0.1162910282961119	-0.09868943021133425	-0.1112219214885902	-0.09882203458445418	-0.1150869942801878
0	0	-0.01495597336800616	1.22414703759729	-0.112323377160538	-0.1168382638570438	-0.1169258455923752	-0.111960247091603	-0.111983666129571	-0.1120102786018633	-0.1169933449364059	-0.1118775239067538	-0.09929211241984913	-0.1120229493640707	-0.08696345516921293
0	0	0.02378551514316129	1.270434632044282	-0.1171387457538224	-0.1318419258213697	-0.1319329078431284	-0.1133536422216158	-0.1132990495960109	-0.1133669477331645	-0.1319988433555198	-0.1132027859514209	-0.09208669702397526	-0.1133598269496597	-0.1226387749377605
0	0	0.1585700999861747	1.052380349907218	-0.2177798728175494	-0.07667975410155498	-0.0767110032142747	-0.1150330745348248	-0.1149074633739331	-0.1151181226482528	-0.0767129455629998	-0.1149002837354705	-0.1119286054796921	-0.1150260646970014	-0.07615325972784488
0	0	-0.1197913218609455	1.230025471256495	-0.101998726961054	-0.1091165295760773	-0.1091809928725985	-0.09454461054689108	-0.09457879542116479	-0.09459804420016941	-0.1092654713874481	-0.09449239446454946	-0.09821862416613136	-0.094619598482498	-0.109620361316971
0	0	-0.04022622874125419	1.153536981501905	-0.102877853126535	-0.1037838304715039	-0.1038265841699274	-0.09856898446088617	-0.09862350535065102	-0.09866382528333932	-0.1038645844244314	-0.09854616822454841	-0.1140539896755281	-0.09865005677361786	-0.09185137079968464
0	0	0.1366850497785247	0.8125765871783728	-0.08822676608271586	-0.09850185210169364	-0.09849825010786578	-0.0760290257760748	-0.07601773548244953	-0.07599146353980293	-0.0985729483504824	-0.07594409676039038	-0.1154764670032621	-0.07606728816602415	-0.0699357435861394
0	0	0.193289598451789	0.9819804573377909	-0.2133007126678308	-0.06886256790436884	-0.06901477241023392	-0.1217684127157878	-0.121775853022904	-0.1219836615455063	-0.06891980178132162	-0.1216950953882377	-0.05636427970689339	-0.1218372553882848	-0.08974764325821429
0	0	0.04183485176694952	1.031277043614895	-0.0902510126804449	-0.1027957567103919	-0.1028685594767974	-0.09347321422544295	-0.09344980814023844	-0.09350106875154808	-0.1029224438916287	-0.09339653948210455	-0.1149129579373289	-0.09350031259834655	-0.09204022148757623
0	0	-0.2252285696131698	1.383619604850746	-0.1145656584440193	-0.1215158175090617	-0.1216095395629582	-0.09875412007231822	-0.09878590198780493	-0.09868706978926027	-0.1216577530501136	-0.09862671579156559	-0.1281907928416237	-0.0988136292308026	-0.05718403695805178
0	0	0.5752221099147528	0.6031346038569914	-0.2290702960579647	-0.06548474907757015	-0.06564332372772375	-0.1201996995695688	-0.1201293196443114	-0.120268160949201	-0.06555679181113752	-0.1200241421621382	-0.06266773225914939	-0.1202149837350908	-0.08909751477789311
0	0	0.02229699353755276	0.9543333986337355	-0.0780894589120386	-0.1055786447410635	-0.1057096047776794	-0.07128578754723058	-0.07130873364378892	-0.07117757781852918	-0.1056685714757512	-0.07122503582889517	-0.1180391238052873	-0.07131571778429269	-0.107232135836737
1	1	0.7678374259982125	0.448540268590681	-0.20872888850824	-0.08010903053152428	-0.0802220920989833	-0.119161131432436	-0.1191350212698342	-0.1193309977702507	-0.08022240839063489	-0.1190595528567601	-0.06452367309004102	-0.1192214282959579	-0.1066634703442349
0	0	0.03121787661140945	1.161439816846494	-0.1095344183427694	-0.1160430342938211	-0.116114693772736	-0.09927702900573214	-0.0992398454067953	-0.09925003163840834	-0.1162681800762971	-0.09914449212573614	-0.120954242980912	-0.09929471257717369	-0.1175370132375268
0	0	-0.2419387007641196	1.426450217555548	-0.1079626273109245	-0.1197736838909661	-0.1198476999968849	-0.1025675381172698	-0.1026152717237181	-0.1026443566311994	-0.1199346594438532	-0.1025147255573133	-0.1033599188159864	-0.1026487720221131	-0.1006422632812036
0	0	-0.0673035797554406	1.325970828036691	-0.1135236970819647	-0.1206738644179614	-0.1207554500346218	-0.1074868675021251	-0.107544406927093	-0.1075566989990523	-0.120846452584132	-0.1074495137245572	-0.129856613077436	-0.1075663170493611	-0.1154073668829499
1	0	0.5900678109676927	0.5335838854909214	-0.09704252714671151	-0.1187064808590673	-0.1187553246224475	-0.09264353911098831	-0.09259005810490102	-0.09261520818706853	-0.1188546123753585	-0.09252893082852512	-0.1058663742940057	-0.09264387787834824	-0.1014047630511976
0	0	-0.1599827088606192	1.324310009830143	-0.2072949526539715	-0.06919243806867922	-0.06936600032145165	-0.1173972662649939	-0.1174113811330413	-0.1175976186945791	-0.06934343458764343	-0.1173136910672237	-0.05926267194422822	-0.1174788777303454	-0.1026689685033696
0	0	0.05613650088457214	1.186667987995728	-0.0877840710236493	-0.09266780342409288	-0.09268092463037782	-0.1236183139952534	-0.1235990095358573	-0.1236699354837216	-0.0926547896311383	-0.1235514854513421	-0.1356646198373335	-0.1236735276216897	-0.1232400082458478
0	0	0.1780385437009134	1.050131791169189	-0.2256512134427514	-0.07031692865410018	-0.0705263925116825	-0.1190166056937896	-0.1189299417078921	-0.1191180260010412	-0.07051077896990879	-0.1188470339976093	-0.07621224989979786	-0.1190106465839915	-0.1200305174075438
0	0	-0.3946098532511904	1.315423483771033	-0.07540074132564488	-0.09148649635158843	-0.09148422280035221	-0.06218916208778792	-0.06214017338262234	-0.06198354664206993	-0.09141897998169106	-0.0621427611237997	-0.143104545685155	-0.06219397254175167	-0.1172690285973856
0	0	-0.2686365359704673	1.278051881338158	-0.08739271260457035	-0.1083750326314277	-0.1083730855374404	-0.06551327087074393	-0.06540216891768999	-0.06521568825754054	-0.1083607262219751	-0.06537065014758184	-0.1465402369931318	-0.06546330189888236	-0.1234084712867142
0	0	0.08768508225209208	0.8998246501328574	-0.09519797654493824	-0.1129735907905624	-0.1130351715870739	-0.08739175117646472	-0.08736750453144831	-0.08736704755826662	-0.1131146725012237	-0.08732248965013467	-0.107303535021443	-0.08741038361295149	-0.009025609410447792
0	0	0.232544009448293	0.8201977312498043	-0.09101517227495003	-0.1076868196363608	-0.1077432567019574	-0.08518611884327656	-0.08520635908686564	-0.0851190918388588	-0.1077689347694485	-0.08510457895776025	-0.10454898517901	-0.08523891206744641	-0.108123511342167
0	0	-0.01173459762212549	1.188944506320241	-0.214363183802704	-0.06659116853765915	-0.06680930312189687	-0.1194567265930087	-0.119449244262718	-0.1196082036814603	-0.06669490053446143	-0.1193333402899237	-0.06039846671724992	-0.119502378683551	-0.1050029924734854
0	1	-0.04177711456201409	1.362661344610392	-0.1947641668400329	-0.09899660233028236	-0.09907450690369168	-0.1228100584658534	-0.1228044554842386	-0.1230347392633124	-0.0991436134837483	-0.1227428834875499	-0.08523509280742934	-0.1228731128543234	-0.1294049981279199
0	0	-0.2630229782835565	1.443817197433967	-0.1060777977019948	-0.1197178805671846	-0.1198362485849238	-0.0976182645042146	-0.09767386002134568	-0.09758916606613802	-0.1198588757975635	-0.09754993672112386	-0.1177430983579081	-0.09769328126666278	-0.1094358095613548
0	0	0.1722315777466285	0.836069516420367	-0.09067681228716967	-0.1020825129414515	-0.1020139298301444	-0.07482750070618882	-0.07479280279444439	-0.07473546538287892	-0.1020545344157941	-0.07477874429520773	-0.1267814192007491	-0.07484346244578927	-0.1107139098671825
0	0	0.2419562665519175	1.162091272339149	-0.2647121841041548	-0.08362267159673979	-0.08368351626376858	-0.1342556895392026	-0.1341585344265438	-0.134353007571754	-0.08358625933129507	-0.1341325800022879	-0.08649698383523638	-0.1342854660135644	-0.130760646206525
1	0	0.6722279549781971	0.5716387428566372	-0.2031886843478496	-0.08150651962085424	-0.08166363778293959	-0.1178301941910126	-0.1177250652851415	-0.1179805138681473	-0.08166077694038879	-0.117688360269572	-0.1095248801379658	-0.1178589480839513	-0.09723911730701577
0	0	-0.09796157183861143	0.2666345913155289	-0.01848644111369523	-0.0167723572047799	-0.01676796575664036	-0.01881342337117282	-0.0187944753647336	-0.01882950385937671	-0.01677130136053137	-0.01877890852080065	0.03612496438943383	-0.01881815186514451	-0.04196545544947652
Now it's... http://t.co/0XUqHnXoqZ"	**not in training**	-0.1477657879130744	0.110681552843597	-0.2324439801325846	0.114554881312887	0.1141543170916002	0.01646998002966737	0.01649942387924467	0.01699436578131288	0.1148065876770747	0.01660442443153656	-0.04192072526406129	0.01657580075050273	-0.1152108404877076
0	0	0.1194094058165615	0.9995016363398123	-0.1080505221157343	-0.1104479537546318	-0.1105267952018928	-0.09887579994062075	-0.09888791892953766	-0.09889991315920443	-0.1105572001516847	-0.09878673658002765	-0.06063501715515195	-0.0989434899174384	-0.124299695250453
1	0	0.821549025234441	0.5356379417406004	-0.1552225466099674	-0.1210672371229099	-0.1211301396984458	-0.143970344967617	-0.1439268682557688	-0.1443443566655078	-0.1212706382315	-0.1438935490283018	-0.02816750193904171	-0.1440664931676288	-0.09012729128835506
Now it's... http://t.co/0XUqHnXoqZ"	**not in training**	-0.1477657879130744	0.110681552843597	-0.2324439801325846	0.114554881312887	0.1141543170916002	0.01646998002966737	0.01649942387924467	0.01699436578131288	0.1148065876770747	0.01660442443153656	-0.04192072526406129	0.01657580075050273	-0.1152108404877076
0	0	0.3910456308927484	0.7554970002200299	-0.1869400348722368	-0.07398316770206474	-0.0741423731340683	-0.1173012122086955	-0.1173342871436629	-0.1175271997295865	-0.07412781747261395	-0.1172550342099832	-0.05069966029974563	-0.1173921180396256	-0.09983972630049805
0	0	0.5020489480840581	0.6144403045830814	-0.1056716631987656	-0.1130902497133685	-0.1131399368281469	-0.09284499345470011	-0.09277030754241455	-0.0927601565556391	-0.1132127923681711	-0.09268137264978904	-0.1015075615074731	-0.09283417119659074	-0.1059760476520864
0	0	0.4206368296002821	1.055308197614858	-0.2676179680803629	-0.08885361182636382	-0.08909880828985671	-0.1513582964962835	-0.1513291608379437	-0.151576268964421	-0.08895037838542923	-0.1512290729577509	-0.03529792478494714	-0.1514117329186495	-0.1492218036731374
0	0	0.1864575833648399	0.9287750083317071	-0.09525192334774155	-0.1169040262943361	-0.1169917992753838	-0.08606498548285618	-0.08601121226221997	-0.0859617839195905	-0.1170456048991168	-0.08590635643115302	-0.137201998588028	-0.08602989958185854	-0.1018630016142684
0	1	-0.3068815582834552	1.326381653309142	-0.09529550325452611	-0.09732288342868439	-0.0973124612054321	-0.08027163131644011	-0.08029981555105217	-0.08021926835953912	-0.09735356995531115	-0.08023133139118728	-0.1234468351215218	-0.08032869897517682	-0.1074180964668193
0	0	-0.03605264598634319	1.103756849250406	-0.08879603743511127	-0.1147138770755343	-0.1148279105675578	-0.07939939843201761	-0.07936335685741766	-0.07930234601640423	-0.1148749951157907	-0.0792691757409313	-0.1139378330236712	-0.07939222885119324	-0.1238270441484399
0	0	-0.05566858676477851	1.285516314352505	-0.1159985624732779	-0.1240610153087564	-0.124155159493251	-0.1095550850885586	-0.1095740211148288	-0.1096015115467983	-0.1242521137173646	-0.1094767025289404	-0.128981631626051	-0.1096112239909778	-0.06458070069892555
0	0	0.07568220780251969	0.9131829709776542	-0.09969299672355908	-0.09982020949118177	-0.09978818972831506	-0.08737957533182378	-0.08735823205604729	-0.08737714620882588	-0.09985649227776572	-0.08729491483620465	-0.05672839732696068	-0.08738810691983959	-0.09618091787965469
0	0	0.1062692628785397	0.9297131283876144	-0.0893605888485194	-0.110453768630741	-0.1104712601374666	-0.08573642263107549	-0.08573582016822166	-0.08567157854291747	-0.1105169208485574	-0.08565883293285426	-0.1066157784248081	-0.08578421264092623	-0.07997720746007016
0	0	0.3637909361720904	0.9907136445320702	-0.1988950222850076	-0.09132003728304905	-0.09136946337783813	-0.130742099542934	-0.1306756638994963	-0.1309479317447729	-0.09134886438315586	-0.1306721263594099	-0.1057367695147647	-0.1308234298036758	-0.1219731725100593
0	0	-0.07255815090804747	1.202331865499731	-0.2431759147850762	-0.04820481933677948	-0.04830102975589442	-0.1075668709428009	-0.1074614083124316	-0.107593600217336	-0.04815454918269393	-0.1074537987024126	-0.08309854695660632	-0.1075945447289495	-0.1211686316707086
0	0	0.2876512694884669	1.005965307729502	-0.224425227461152	-0.08717657858068673	-0.08735524584743311	-0.1313023433984462	-0.1312662808376487	-0.1314798218327523	-0.08730646924031435	-0.1311727337872328	-0.04126933504884052	-0.1313499301678264	-0.1095126110156411
0	0	0.304509169698599	0.947041691564605	-0.193558855638223	-0.08287420400009718	-0.08299316691042392	-0.1289713936698398	-0.1290084046349576	-0.1292517109346985	-0.08298471129130924	-0.1289345237622474	-0.06480423681001016	-0.1290832226928686	-0.09908643091853109
0	0	0.3973185900939578	0.6769612030038298	-0.200833652229434	-0.06315708008863041	-0.06328264523888776	-0.105764294066834	-0.1057229941548803	-0.1058652038836994	-0.06318255971309168	-0.1056421571707129	-0.05479072449547483	-0.1057983777680686	-0.1002401042880776
0	0	0.3027200956921167	0.8059613492965665	-0.1824773376712798	-0.08083378185893321	-0.08088235054552211	-0.1055744511068161	-0.105503413640949	-0.1056467671215974	-0.08088195120539807	-0.1054622272214613	-0.07289428506304436	-0.1055972223200984	-0.0829276572335881
0	0	0.1124066280872407	0.9228350037537498	-0.08436040171165407	-0.1162846013163908	-0.1163580034080111	-0.0751906731633606	-0.07516683263668326	-0.07505559295957763	-0.1163978356928008	-0.07507378431016698	-0.1179192668897805	-0.075189094033236	-0.1082455457193348
0	0	0.311686715252061	0.9909024335113957	-0.1182930025277788	-0.1225933132038225	-0.1226410535837398	-0.1097237722723149	-0.109709829029295	-0.1097840984990385	-0.122753803725855	-0.1096352532599701	-0.1475901820124252	-0.109781621540404	-0.1200832191088171
0	0	0.1228251934829054	0.883857174629009	-0.08842421369247926	-0.1063272172275954	-0.10638828643671	-0.08400012586131432	-0.08402431003114556	-0.08392472755094954	-0.1063819945823526	-0.08395335576436094	-0.1083151478113675	-0.08405493938878936	-0.07088804976485424
0	0	-0.06431816114508054	1.05613165589805	-0.1820128964889214	-0.0613826559420825	-0.06144394078880792	-0.09191494939310606	-0.09183253450399842	-0.09197011164989131	-0.06146717222454967	-0.09179964800845682	-0.09602099891171038	-0.09191694608189192	-0.07005164075955728
0	0	0.1373593919102411	1.041323872066509	-0.1123969200733365	-0.1211347266830167	-0.1211684022415142	-0.1025740016352633	-0.1025881839717546	-0.1026268073818495	-0.1212289011843775	-0.1024969762296366	-0.09113392123927491	-0.1026247065755609	-0.09870971676116866
0	0	0.2680395725626044	0.9326840597681951	-0.1102030819485263	-0.1193605568681253	-0.1194191852833475	-0.1046893791259235	-0.1047029882387957	-0.1047934436899649	-0.119481330393198	-0.1046408479462573	-0.09697148958280877	-0.104778865531097	-0.1116824637227586
0	0	0.1534759712066278	0.9403252669515118	-0.11365296720342	-0.08911205281200943	-0.08924557012729741	-0.0914374971856307	-0.09142505574120571	-0.09141073605870112	-0.08922149708778573	-0.09135501192213695	-0.1284434018666272	-0.09148747202587916	-0.1270099761274502
0	0	0.366870670680236	0.6609422048761193	-0.09510744064052264	-0.1153761557405425	-0.115449625626686	-0.07958012106101871	-0.07955442076529259	-0.07938841006418174	-0.1154554345313867	-0.07944361897340611	-0.1215821381406532	-0.07959171254527526	-0.06728379746739518
0	0	-0.09179509204841632	1.15085207225334	-0.08585185542862056	-0.1248132749071101	-0.1249378732815672	-0.07291980762944475	-0.07291158141402856	-0.07264157157730322	-0.1248916376068799	-0.07278255976906479	-0.1206037102354425	-0.07291494659157828	-0.1137881617638914
0	0	-0.2071944757000055	1.110715779407607	-0.07859765783769657	-0.08720593337839745	-0.08731125670391603	-0.07231323038983101	-0.07229435167915849	-0.07225382316650657	-0.08728685399237357	-0.07222195827027884	-0.08871171279686146	-0.0723439733437601	-0.1129805521488255
0	0	-0.08057076882433706	1.094568125297296	-0.09370423860667679	-0.114897888872112	-0.1149439426244187	-0.08192202859611881	-0.08188881788912167	-0.08175978836746405	-0.1149492932149683	-0.08176328283908073	-0.09881529374210687	-0.08193401283309786	-0.06741876888779777
0	0	-0.3705936016373301	1.558397470839481	-0.1129053286511231	-0.112053217285286	-0.1120579654175988	-0.09553258119848843	-0.09557722896912048	-0.09548826550962657	-0.1120597689820403	-0.0955376529395056	-0.1388782731725997	-0.0956241665123982	-0.1220894205643677
0	0	0.2253898546401043	0.8944771020129758	-0.1007631440642411	-0.1113739506943069	-0.1113563001233947	-0.08885523585686249	-0.08877637312643263	-0.08873171035002791	-0.1113473098876379	-0.08876109386204893	-0.1221294966654867	-0.08883896219007444	-0.1189333798325719
0	1	0.03213924281100933	0.9826783137473396	-0.0901869240348083	-0.09081358234639231	-0.09087211301378538	-0.08345858778418185	-0.08347784312900235	-0.08348643684747081	-0.09093587887719072	-0.08341640678763948	-0.1081811323001727	-0.08353839399561225	-0.1264502574420974
0	1	0.2494490035509396	1.028111662320079	-0.2345584323954843	-0.07438083551449252	-0.07453380163950483	-0.1248314011908981	-0.1248537555080213	-0.1249951354346776	-0.07447350372873944	-0.1247592390252942	-0.07442646234816361	-0.1249295928499625	-0.1208185062357857
0	0	0.3306100270971326	0.7717156799842546	-0.09161240518366819	-0.1099476648182128	-0.109998479272957	-0.08802565034138264	-0.08796237278028468	-0.08791609517927548	-0.1100823838833034	-0.08788737759896313	-0.1259742890102756	-0.08801916431820558	-0.1148998246948637
0	0	0.3108118303355697	0.7459030388173876	-0.0983431489259556	-0.1125239362394259	-0.1125876691039316	-0.0876443433782353	-0.08765983460226659	-0.08759869822151568	-0.112577062332196	-0.08755613137151649	-0.08671920507915966	-0.08768293874559274	-0.09582190115316709
0	0	0.01558418227277736	1.266965649270062	-0.2222221194595326	-0.07951754238723613	-0.07969533718810802	-0.123694436387546	-0.1236368927141221	-0.1238403817172076	-0.07970046904431421	-0.1235535775480082	-0.0894656217116252	-0.1237107109859922	-0.1135127423991526
0	0	0.1283850737921851	1.241968748325642	-0.28735175137837	-0.06756702588145461	-0.06783628009266232	-0.1399136559032054	-0.1398730462439881	-0.1400481639356388	-0.06766658325409593	-0.1397569279498141	-0.05566019066525201	-0.1399559093912399	-0.1247242874221111
0	0	-0.2424686377871241	1.339450580416277	-0.1005306023795806	-0.1180720481698781	-0.1181390495280017	-0.08962338524843841	-0.08962083855784499	-0.08951750935892075	-0.1181267853749572	-0.08950981166398164	-0.134197718316012	-0.0896511717463282	-0.05999302228521391
0	0	-0.2764138685920905	1.340305435559854	-0.0992751298423106	-0.1054242344711368	-0.1055189588929623	-0.08906945503850609	-0.08910796879037806	-0.08905592343523867	-0.1055659525138726	-0.08899226288586747	-0.1151347674339972	-0.0891304115916437	-0.08761650207185318
1	0	0.7313612224488879	0.519807561087129	-0.1883789843993731	-0.09151826271646589	-0.0915850467799648	-0.1249415610643798	-0.1249102530056802	-0.1251349435145105	-0.09160296365024746	-0.124845940412357	-0.06855248739580178	-0.125032099768433	-0.09466624082880667
1	1	0.76201680029223	0.6146031986934976	-0.2190364011851516	-0.09680779457671124	-0.09698856826786161	-0.1345648352453004	-0.1345046846086924	-0.1347680785493924	-0.09696175784880649	-0.1344285168679469	-0.0657181769029986	-0.1345975706730292	-0.1282436142598412
1	0	0.7045095496993642	0.4908577025274001	-0.1984140298782666	-0.07832074686607901	-0.07841131521344524	-0.1207539930995442	-0.120734666874227	-0.1209369375486675	-0.07843152880032242	-0.1206630338144416	-0.1073160045644464	-0.1208223173635106	-0.0505626782038178
0	0	0.2534988765338492	1.011436301043958	-0.2220116525810899	-0.07477061445240896	-0.07496625219215873	-0.1278002428649493	-0.127816920130419	-0.1280206617022719	-0.07494208127119834	-0.1277086839291295	-0.06895257465010285	-0.1278903420700992	-0.1100551517339826
0	0	0.2578396494927696	1.03052267928411	-0.2009433129294284	-0.09305253205009217	-0.09322275776695531	-0.1357700922362873	-0.1357415390495674	-0.1360260747942357	-0.09325618811344126	-0.1356749707464735	-0.0442964678575128	-0.135830228763022	-0.08454816446986772
0	0	-0.0465037446844403	1.200747142070266	-0.07960241251255118	-0.08719674043663744	-0.08728110689011935	-0.1174610425768645	-0.1174629393965455	-0.1175371038502024	-0.08721449325470895	-0.1174119143909264	-0.1231381470323959	-0.1175322441357524	-0.1024052529091259
0	0	-0.2918745052376061	1.416721335432468	-0.1063796019492602	-0.1043447828727728	-0.1043565710176818	-0.09306819334101239	-0.09304205584577449	-0.09303936178877524	-0.1043936798331667	-0.09300616063466123	-0.1309148010647627	-0.09312235342090242	-0.1091792684260956
0	0	0.1662377411182788	0.7167903018093486	-0.1566279009767444	-0.0579388791594161	-0.05803168017114738	-0.08573333477640246	-0.08568079966598452	-0.08574188989150128	-0.05796942045533149	-0.08561358231737749	-0.02590899759823495	-0.085748081916831	-0.09803347599866016
0	0	0.0814319668870204	1.227360840014847	-0.221602798485042	-0.0779442141124581	-0.07799289374278205	-0.1265033335219114	-0.1264891333353491	-0.1266673474874797	-0.07800518454494038	-0.1264442485632247	-0.09238435316923424	-0.1266099549859095	-0.1281493449535392
0	0	0.3747127215178326	0.6811674309643857	-0.09365044074004028	-0.1183362565201204	-0.1184355426262532	-0.07919377264062855	-0.07916414714530344	-0.07898635584709722	-0.1184153629156752	-0.07903743263440155	-0.1271901077794855	-0.07917763607923929	-0.08429309755398029
0	0	0.4081045443477108	0.9791911905934233	-0.2095266239613044	-0.09545301246052562	-0.09555962831010556	-0.1383558965287338	-0.1382932843274706	-0.1385713135750512	-0.09559381659672425	-0.138235671413359	-0.0899784883897795	-0.1383997169568426	-0.1093282824212418
0	0	-0.426693167239715	1.543412531814534	-0.1105881054561071	-0.09242581836608502	-0.09247776348107757	-0.0930816754234562	-0.09305335603116054	-0.09299403438361765	-0.09240837363286203	-0.09301516917456701	-0.1458584467624181	-0.09311308711366903	-0.1177035347498038
0	0	0.08958789178978868	1.155301899717294	-0.1225210105755494	-0.1258193849420372	-0.1258599789213968	-0.1125461555067977	-0.1125433538113003	-0.1126326028149624	-0.12599640967703	-0.1124442310419206	-0.1190192228794041	-0.1125991688239258	-0.06290827251276215
0	0	-0.1276347656266042	1.191818196217734	-0.09437532663372997	-0.1093300032824404	-0.1092526022986837	-0.07695957167713061	-0.0769483195402605	-0.07682319230408281	-0.1092621919870874	-0.07693893973396064	-0.1424107036633275	-0.07703062365862957	-0.1148519558118026
1	0	0.7852981142514487	0.440252314105267	-0.2054190506137475	-0.08041210712311808	-0.08053793366517799	-0.126726588428978	-0.1266187182420652	-0.1268689358979246	-0.08050052279117835	-0.1265577622930064	-0.01907920136472751	-0.1267600748166486	-0.1260695331201475
0	0	-0.1919212354189514	1.524950275700875	-0.2306716167473739	-0.08204003122598286	-0.08221662676384868	-0.1342303239078911	-0.1342499832046129	-0.1344758601140582	-0.08218709698643152	-0.1341580158504727	-0.07495828679740109	-0.1343263699986008	-0.109514828685253
0	0	0.1232054284910129	1.183242391380319	-0.1067336337380471	-0.1246149885327553	-0.1247138692911843	-0.1104573377719773	-0.1104765338502001	-0.1104797277305666	-0.1247581649704282	-0.110400144617635	-0.1319572176218402	-0.1105300762262745	-0.1413261255204288
0	0	-0.1337483204719251	1.412644292006332	-0.1138072353712669	-0.1260939963611678	-0.1262171145151174	-0.1027498311095153	-0.1027562571440292	-0.1027541417808988	-0.1263246568588204	-0.1026624759070443	-0.1460972841921301	-0.1027882971587467	-0.1266446811356745
0	0	0.2571403123059339	1.080857932043738	-0.1372765281838872	-0.1253740333391467	-0.1254886809136314	-0.1073000959785679	-0.1072755520104322	-0.1072942115665717	-0.1255729881255032	-0.1071819889444746	-0.1534486952414125	-0.1073209854206373	-0.1344644846254116
0	0	-0.01550246743016836	0.9888760179632883	-0.0872710619987731	-0.1016495014500537	-0.101733761705311	-0.07661016988809491	-0.07662357909818326	-0.07649431034316924	-0.1017289766369694	-0.07650818924938153	-0.09958847493984298	-0.07663557361979856	-0.0985299516035469
0	0	0.09425621726987155	1.057315730539427	-0.2216855427986018	-0.06785308428565442	-0.0680256188695498	-0.125054965842463	-0.124978103878502	-0.1251977302657713	-0.06794532987308675	-0.1248972090755548	-0.03788188371993051	-0.1250981485601545	-0.06295433064003451
0	0	0.2236579581869268	0.9849438211920393	-0.1039398274182367	-0.128401798035895	-0.1285402912711293	-0.09875715961730103	-0.098770136489441	-0.09870568807882829	-0.1284860656846289	-0.09866662380018057	-0.09037558246857916	-0.09878178952452887	-0.1351768169902236
0	0	0.2540552193253713	0.7535825226663383	-0.08357321981610416	-0.1019740316502573	-0.1019870940541206	-0.07967824410327556	-0.07965677290215763	-0.07958991004566991	-0.1020413019162798	-0.07956908024130557	-0.1240631493516673	-0.07967904981431165	-0.09582588809656463
0	0	0.09921388685447766	0.9449803013095415	-0.09171551033522418	-0.1127463290555942	-0.1128245411225343	-0.08380855410150706	-0.08380909675258852	-0.08374254479332711	-0.1128056751722837	-0.08372730284662437	-0.07814551323811139	-0.08383802579309792	-0.1170310949531324
0	0	-0.02303364765297369	1.139624842888722	-0.1881915166906602	-0.08399697728345001	-0.08412724960427953	-0.1135141966186789	-0.1134713917984491	-0.1136758296509784	-0.08414585457275356	-0.1134097632929875	-0.02862827010437582	-0.1135475390900031	-0.07988260652913581
1	0	0.6546075704343653	0.54745002108744	-0.1779617127574832	-0.09091563950500521	-0.09103031127295	-0.1170985015392463	-0.117021389617323	-0.1172189726670818	-0.09104376636265342	-0.1169268877879466	-0.04463896413083877	-0.1171166593637501	-0.1210847865175307
0	1	0.4573200245051889	0.5942733558221067	-0.09936468435692498	-0.1144686620353755	-0.1145708320561471	-0.08934194108575766	-0.089294928186891	-0.08928774307586167	-0.1145673882594642	-0.08922660322732134	-0.0904614764787799	-0.08935457260339727	-0.07165454896137972
0	0	0.09452244536289396	1.157573374097509	-0.111174946117947	-0.1285973007047185	-0.1287109058960282	-0.1000398562770969	-0.1000365934576716	-0.09999162414835104	-0.1288082287617436	-0.09992071872264373	-0.13054344645961	-0.1000771516192546	-0.1241950472953431
0	0	-0.04704390444602056	1.263080412255119	-0.2333679364803187	-0.06415237640227532	-0.06433602462763094	-0.1260021546552698	-0.1259538677623733	-0.1261535494360762	-0.06424700569936374	-0.1258601864343526	-0.03092879988426776	-0.1260546938326062	-0.128979912594569
0	0	-0.2147425982046516	1.572246163547296	-0.1272764514452222	-0.1285897284426269	-0.1286075415093103	-0.1159752176946761	-0.1159551210289589	-0.1160188199180327	-0.1287299879897476	-0.1158893820939606	-0.1409699669897751	-0.1160265468795966	-0.1234648013507428
0	0	-0.07827531492897219	1.16032191465655	-0.09105362865613831	-0.1192560895020857	-0.1193765929630825	-0.0861493429154145	-0.08617388906125535	-0.08605472253193824	-0.1193481761548724	-0.08607257044238442	-0.09301464633572207	-0.08619602444924659	-0.1093509167154423
0	0	0.2043327576032067	0.9081677132631657	-0.07570649854843502	-0.08605106247122934	-0.08615611492920894	-0.1164441822308051	-0.1164188805464476	-0.1165607145037883	-0.08616807172542797	-0.1163500567289625	-0.1029178379823876	-0.11649861423559	-0.09322843696409314
0	0	-0.09362592311296436	1.078135552281761	-0.09300079339782734	-0.09954982927954154	-0.09963855223286326	-0.08447367213941043	-0.08445814047568195	-0.08445657752184846	-0.09969424452471146	-0.084372650016762	-0.09969743520106886	-0.08448957442835159	-0.07067815995073341
0	0	-0.1120267436631865	1.354190720615593	-0.112262720724867	-0.1185666428794995	-0.1186474720949126	-0.109384623499418	-0.1094505259571518	-0.1094737194481904	-0.118677154526732	-0.1093611423156988	-0.1336378952862395	-0.1094806808017443	-0.09322139941795581
0	0	0.3226345591934486	0.7279241915754777	-0.09080175965528772	-0.1141064393579335	-0.1141468432804213	-0.0854814245088524	-0.08550486598717455	-0.08540458955082304	-0.1141532692545616	-0.08541316661180143	-0.09093743175183946	-0.08553254201019497	-0.09907641880004128
0	0	-0.1528025179449002	1.199822692666542	-0.09934906952741107	-0.1026636707226982	-0.1027220186373734	-0.08934225754479076	-0.089385338535679	-0.08937992722149371	-0.1027622856265317	-0.08930312175765436	-0.08668404010898031	-0.08941775916937582	-0.106010685869656
0	0	0.08276087944924518	1.370437956462682	-0.2377795579961874	-0.08735768024398641	-0.08742068852057142	-0.148459459995658	-0.1484780851063586	-0.1487697247796101	-0.0874242213850589	-0.1484453324599356	-0.0937661184437787	-0.1485938517226813	-0.1167041152581039
0	0	0.04448056811626009	0.9945338458435913	-0.09897785690025424	-0.1097375500040497	-0.1097724453387634	-0.08603874091872804	-0.08600501287911934	-0.08601565092086684	-0.1098893204790507	-0.0859352337693732	-0.1152780138567246	-0.08604561447814539	-0.06531897441478028
0	0	0.4916287776792941	0.9933381097233843	-0.242852619694854	-0.09331808704116901	-0.09352066808701576	-0.1425550492121595	-0.1424971763984589	-0.1427582367230723	-0.09352795365795399	-0.1424326208344254	-0.1132704586778893	-0.1425911061548276	-0.1356429109208589
0	1	0.3924928956954048	0.5846080590761148	-0.08996659693022382	-0.1011541219223437	-0.1011944267865029	-0.08084712375218829	-0.08085451516890797	-0.08081736931029525	-0.1012216137986564	-0.08078620038396384	-0.1260967162279925	-0.08088909152857131	-0.05327317896187844
0	0	0.08963369614022051	1.094586617017209	-0.1825154886689115	-0.07677735137927982	-0.07695195959062211	-0.1191872359905203	-0.1191575174033916	-0.1193672815963132	-0.07697129854389551	-0.1190758090424397	-0.06077779776065394	-0.1192297972058487	-0.1142087759755555
0	0	0.02980428052633076	1.075033183895837	-0.09954522127230728	-0.1085243446298648	-0.1086271313782266	-0.08978762225875615	-0.08972872780559872	-0.08975813381640139	-0.1087298570577225	-0.08963925947028294	-0.1193783508971298	-0.08977313288028395	-0.1113456829555977
0	1	0.5361461950260256	0.6669299504702322	-0.1152196082475707	-0.1263571994285568	-0.1263788434124283	-0.1038307737717615	-0.1037704838991016	-0.1037814122400921	-0.1264805120259725	-0.103685668289253	-0.1029386549892807	-0.1038203524137294	-0.08681263677851661
0	0	-0.1399122213988298	1.472215762079248	-0.2027244456281015	-0.0944784071768129	-0.0945839694283413	-0.1311938677090762	-0.1311832768327213	-0.1314518668243145	-0.09464362296189892	-0.1311236578603301	-0.07734996898066009	-0.1312612208520956	-0.1123092364260696
0	0	-0.01333645021972837	1.338567694644021	-0.2285297279093348	-0.07972653475311918	-0.07992949770233353	-0.133621890596754	-0.1336422853555562	-0.1338519942915076	-0.07989255626144673	-0.1335510258335306	-0.07490230218012751	-0.1337134825339261	-0.1138699470066597
0	0	0.2533597927566941	0.9825000413715373	-0.203954863786205	-0.06906875794030294	-0.06921663255898713	-0.1224430481045634	-0.1224117477243745	-0.1225956826179655	-0.06914617794128065	-0.1223611793150996	-0.07843144526543151	-0.1225113017961132	-0.1337189970779111
0	0	-0.01338423766060384	1.147380423282789	-0.1072320293382289	-0.110430814961083	-0.1104537375028471	-0.09086198727225275	-0.09085902482298289	-0.09082915197222363	-0.1105324893276264	-0.09080495814992608	-0.118504963484341	-0.09090366822936981	-0.122583360561308
0	0	0.06560388286488708	1.135341679003555	-0.1161455059688808	-0.1056743058398601	-0.1056777538675281	-0.1071495105687937	-0.1070856662670851	-0.1071424669925433	-0.1057012049892357	-0.1070326673884885	-0.1015594349537792	-0.1071416994771031	-0.130635345555148
0	0	0.06512267863258316	1.162255000269994	-0.2040328018732961	-0.07490423470311558	-0.07510132307388634	-0.1249606621813157	-0.1249839330071098	-0.1251698242906913	-0.07507846174634683	-0.124882550202912	-0.06934512129037256	-0.1250539923063788	-0.1038647742271547
0	0	-0.1877875400104473	1.270826543374344	-0.1015512988991041	-0.1031676156519594	-0.1031558255130674	-0.08995056564837711	-0.08993023757684551	-0.08994395528663227	-0.103211547057117	-0.08989181939307601	-0.1342544783224049	-0.08999449418156939	-0.08798716583374819
0	0	0.6452409372491803	0.8674302919717535	-0.2380636665530453	-0.09699963984406471	-0.09715382688354586	-0.158706574825372	-0.1587514932244994	-0.1590407486978105	-0.09706509013435595	-0.1586691732523489	-0.08869813404413211	-0.158850149215977	-0.1006727325457855
0	0	-0.07523397940480972	1.214368121537279	-0.1059945255344475	-0.1024008759466869	-0.10239978990674	-0.09872191786579973	-0.09873445235288401	-0.09873755734544851	-0.1024795563423585	-0.09868257043551235	-0.1306071434171828	-0.09877931649014136	-0.1015964364952714
0	0	-0.4109564471286578	1.4988988049993	-0.1035073081839745	-0.1014804141429039	-0.1014848647778676	-0.09380689670792441	-0.09385258935591974	-0.093820354415193	-0.1014886926630214	-0.09381204289005944	-0.127386211838769	-0.09389470633115155	-0.08340827656386189
0	0	0.1298690821265747	1.365842568914267	-0.170592691127926	-0.1402154738935233	-0.1402828008312661	-0.1574327632727512	-0.1573545316192508	-0.1578224795275882	-0.1405680589356906	-0.1573047819167924	-0.02746062984352414	-0.1574912887832067	-0.0891861512893268
0	**not in training**	-0.04858398732561678	0.05382099840365908	0	0	0	-0.0004933377769666663	-0.0004941716732245102	-0.00048670529909151	0	-0.0004874688361807527	0	-0.0004900061063138862	-0.002785321386265016
Now it's... http://t.co/0XUqHnXoqZ"	**not in training**	-0.1477657879130744	0.110681552843597	-0.2324439801325846	0.114554881312887	0.1141543170916002	0.01646998002966737	0.01649942387924467	0.01699436578131288	0.1148065876770747	0.01660442443153656	-0.04192072526406129	0.01657580075050273	-0.1152108404877076
1	1	0.4163840709733186	0.3742984542329622	-0.05956986779001838	-0.08158464242150684	-0.08157781233504216	-0.05538044003251068	-0.05533507757612893	-0.05512705820274843	-0.08159879397394008	-0.05526368055194149	-0.101568128563559	-0.05535241170619135	-0.1083246120526991
0	1	0.4331034513224828	0.5450712958929139	-0.08643269054849367	-0.09584628005087606	-0.09590896226564	-0.08234267232552769	-0.08231522138721624	-0.08231507630726884	-0.09599153284628451	-0.08226012527117021	-0.1027912575510111	-0.08236473498652119	-0.0896061936753918
0	0	-0.100958191182587	1.330344195397487	-0.1299005196582697	-0.1130218926942823	-0.1131125281178142	-0.1096682181820098	-0.109742546641712	-0.1097323239703501	-0.1131437229782894	-0.1096602355797854	-0.1291736620255473	-0.109774739291328	-0.08245561507551444
0	0	0.313915762972653	0.5222150030897329	-0.1613500739822593	-0.04782580142893383	-0.04790959075846617	-0.09019359130986537	-0.09015215762861138	-0.09025681778672576	-0.04778475331659891	-0.09012312605982527	-0.03151718408729721	-0.09021706354604343	-0.04880060615776227
1	1	0.6331890888756068	0.5143640195264215	-0.1979796378315161	-0.08062859830071524	-0.08069552250901384	-0.1131569405462469	-0.1131378873580238	-0.1132848861054246	-0.08069216615986338	-0.1130525403704847	-0.03412752878223706	-0.1132122752996063	-0.1075851251388998
0	1	0.380759440499045	0.8160672154924956	-0.1175387174514282	-0.1206321066162554	-0.1207024612729643	-0.1034251236233864	-0.1034319592824492	-0.103450319052999	-0.1207412622040467	-0.1033421621280994	-0.08990092888758706	-0.1034754543331411	-0.1101861611391868
0	0	-0.02904359287086587	1.147784244379733	-0.1014434198459827	-0.1123572262698751	-0.1124695360325311	-0.08979226111830177	-0.0897253645859413	-0.08975085307112302	-0.1125369778986999	-0.08966454694530776	-0.1135050657399764	-0.08980526830919794	-0.1176901316919349
0	0	-0.04582987914217043	1.031312829210266	-0.09467413000779974	-0.1045862340519824	-0.1046284617299809	-0.08253315654010035	-0.08246191895107344	-0.08249949939172813	-0.10471271954003	-0.08240311666998856	-0.1083111016829776	-0.08252106871797227	-0.05615154278446616
1	0	0.5768041307439715	-0.3208886828507992	-0.03044945965107926	-0.01945392884289441	-0.0193968313869089	-0.01842252987585474	-0.01845537534790477	-0.01845655360464249	-0.01946596460863325	-0.01844402565583892	-0.0350949954593365	-0.01847498214473822	-0.03980080131534241
0	**not in training**	-0.04858398732561678	0.05382099840365908	0	0	0	-0.0004933377769666663	-0.0004941716732245102	-0.00048670529909151	0	-0.0004874688361807527	0	-0.0004900061063138862	-0.002785321386265016
Memorial Park; 9-11:30 a.m. on Nov. 11, Vets Day. http://t.…"	**not in training**	-0.5015400636178221	0.1074436795915364	0.1089518427068094	-0.007075218649939843	-0.007194453659180856	0.1080917748042876	0.1080672166812161	0.109179755961524	-0.00684559061834469	0.1081862671129081	-0.14615081731726	0.1082506583717346	-0.08936505136747534
0	0	-0.03648174940297565	1.377826804004204	-0.1234486079734757	-0.1287446467905849	-0.1288237062755879	-0.1203814338436725	-0.1203600398772293	-0.1204887274331543	-0.1289448372255582	-0.1202697970225195	-0.1077853878759559	-0.120432110814083	-0.1216657594694113
0	0	0.03063076058380269	1.291742127498024	-0.2073483508405641	-0.08440873944084862	-0.08453638614271738	-0.1296450402844087	-0.1296777720598603	-0.1299066690047732	-0.08453494196766147	-0.1295877503621594	-0.07036468394613056	-0.1297635161376781	-0.1425990378950278
0	1	-0.01629331621508201	1.038177416544461	-0.1755131816160882	-0.06687378738042779	-0.0669939255779904	-0.1071904238778005	-0.107186711824804	-0.1073378474561844	-0.06694072491639391	-0.1071332633438805	-0.0466890417233673	-0.1072385682939119	-0.06278662431853343
0	0	0.2755433934417121	1.086922003358049	-0.1328917082685067	-0.1382558534953166	-0.1383287085485779	-0.1233266825414529	-0.1233061002089026	-0.1233788724924477	-0.1384452340352997	-0.12318725624102	-0.1420543250049312	-0.1233637271545591	-0.05592692880875012
0	0	0.4446640399457721	0.881277980310665	-0.2036968541623292	-0.09954696051078574	-0.09964780017483363	-0.1381374892239882	-0.1381312319366527	-0.1383293265939836	-0.09964719560892665	-0.1380508864639848	-0.08417075457597124	-0.1382245221449682	-0.04835899886001602
1	1	0.7532234243630449	0.4445027090263258	-0.1968282366689591	-0.08111147278664371	-0.08122338216030457	-0.1190101306837861	-0.1189874787421985	-0.1191746534902974	-0.08120094595769956	-0.1189301195127337	-0.05644503673574135	-0.1190750028875776	-0.105739673763433
0	1	0.3722418745267261	0.6803456555043671	-0.19951201763496	-0.0547553116512074	-0.05491927938034824	-0.1078177280344813	-0.1077879991162268	-0.1079064464547965	-0.05483974332799658	-0.1076863773031875	-0.05054778688616797	-0.107858402405171	-0.09895643783655386
0	0	0.1314598388929819	1.026225601303382	-0.1346662024839376	-0.1076256515720442	-0.1075865712926477	-0.1175250820840059	-0.1174707398660465	-0.1177884886981175	-0.1077366986993401	-0.1174640629526111	-0.0473441668526972	-0.1175935098919012	-0.06488426580301963
0	**not in training**	-0.04858398732561678	0.05382099840365908	0	0	0	-0.0004933377769666663	-0.0004941716732245102	-0.00048670529909151	0	-0.0004874688361807527	0	-0.0004900061063138862	-0.002785321386265016
1	**not in training**	0.2508549671653447	-0.1631713398183393	-0.31027854178236	0.06159601111707269	0.06132762256396562	0.04381958055048321	0.04383938034033525	0.04449817257776068	0.06184606786594157	0.04393708804461727	-0.07749055898697943	0.04393831352000724	-0.1047167631578546
0	1	0.449392740926986	0.6586122068595913	-0.1119891275055115	-0.1180062460458978	-0.1180184755150288	-0.09308147587313849	-0.09303301650520811	-0.09301331360483195	-0.1180998950120683	-0.09294972158221922	-0.1188042238387026	-0.09309415579006829	-0.05791529651390648
0	0	0.04975925126316153	1.268532000336658	-0.2494150789657155	-0.07382865164789251	-0.07402713728069982	-0.1353288276345546	-0.1353227804198273	-0.1355142834338004	-0.07389456511480277	-0.1352130399626212	-0.02910922140357299	-0.1354182232695548	-0.1412194424667825
0	0	-0.09161061701606622	0.9397973057241592	-0.093706951617818	-0.1085297913880929	-0.1086207972973757	-0.07462373816683243	-0.07458491184543682	-0.07441798471031517	-0.1085825800196681	-0.07445057805300782	-0.004384119433517087	-0.07462082120116123	-0.05166441497487278
0	1	0.1884429431133928	0.8931205850569558	-0.2087508490758671	-0.08360411439521581	-0.08370231330242522	-0.1230173996560665	-0.1229803031739312	-0.1231602529212995	-0.08367999849126463	-0.1228705009856588	0.01383428520901721	-0.1230593271083553	-0.02057275426928484
0	0	0.4070864684117902	0.7676924501295895	-0.1104209135122064	-0.1320895466695398	-0.1321357728008816	-0.1022588476987704	-0.1022913440375785	-0.1022511825702757	-0.1321641243250904	-0.1021901753949534	-0.1079410193308167	-0.1023290726383172	-0.04870691956295507
0	0	0.4272297173629386	0.9814972512491551	-0.2098821547536369	-0.1007888427436913	-0.100954909877731	-0.1425298526053466	-0.1425266509240808	-0.1427852731695365	-0.1009804500393973	-0.1424618877053549	-0.09488463479195276	-0.1426133794623626	-0.08831893253900644
0	0	0.3091591156631707	0.9133350897477043	-0.2298049200468439	-0.0663814017820081	-0.06657460096050949	-0.1234372869017393	-0.1234350954207618	-0.123588585934653	-0.06647119767789297	-0.1233380614517718	-0.0622545125446913	-0.123516827227076	-0.1136917154629323
0	0	0.3346246546054106	0.7090397181272688	-0.1703549184431297	-0.06892909489495246	-0.069079401292595	-0.1085764046377463	-0.1085839551911795	-0.1087821673180914	-0.06904403278302494	-0.1085142626085431	-0.05550235614938527	-0.1086484888750846	-0.06764929053895014
0	0	0.2327338895289603	1.028377678057532	-0.1203895654989939	-0.1198079912808481	-0.1198894075432622	-0.1176210143116217	-0.1176781287670222	-0.1177428198885769	-0.1199308058554489	-0.1175937262252154	-0.08627917967522991	-0.1177039542153175	-0.1064749743249593
0	1	0.1951264981351875	1.136297693405447	-0.1962332432497935	-0.09293393140419082	-0.09305036934078245	-0.1351712353240926	-0.1351643629913384	-0.1354505983681876	-0.09303393156290442	-0.1350850908143399	-0.07703004427824865	-0.1352370625936642	-0.1030343216130941
0	0	0.1583231936149136	0.9583484782806709	-0.183591458764151	-0.07413524801675958	-0.07430634846825079	-0.112490883022721	-0.1124491925595905	-0.1126563104589983	-0.07428552010640309	-0.1123902804879228	-0.02440498289271634	-0.1125354043767449	-0.12342604274133
0	0	0.2767756743227468	1.075120468872246	-0.2046718521232066	-0.09367136704474197	-0.09380768320514671	-0.1328168448353329	-0.1327865554257674	-0.1330660165681971	-0.0938734545073215	-0.132711055288947	-0.1067944390462203	-0.1328684641294054	-0.09482841102070873
1	1	0.683712829083979	0.3186896747043463	-0.1954344514776055	-0.05518451042074139	-0.05524956945043075	-0.09875941079472408	-0.09864210476720514	-0.0988138630644729	-0.05520066614772271	-0.09865198756197009	-0.05149141082980584	-0.09878054107466555	-0.09619398819898593
0	0	-0.1873091878093864	1.282977610599449	-0.1002117976397736	-0.1009771244220942	-0.100977342198502	-0.09268873010442086	-0.09271788188712227	-0.09268023687005553	-0.101000788560924	-0.09267932978866728	-0.1236763567340999	-0.09277579179662877	-0.1052830427877781
1	0	0.4328665744542353	0.4204402184334197	-0.03570865100067919	-0.07224863291608294	-0.07235291470408675	-0.07694758965241003	-0.07694297327435877	-0.07691735083743816	-0.07232455502232939	-0.07687038365893648	-0.1001001671064281	-0.07697823208678035	-0.1159153426281297
0	0	0.6109787084283713	0.8243931285127262	-0.2198932558843897	-0.1020091792994697	-0.1021230251316767	-0.1368282810340958	-0.136761861279116	-0.137017063156104	-0.1021785083489855	-0.1367057653379375	-0.1254197575554265	-0.1368680224710915	-0.09956711744280883
0	0	-0.131218575940287	1.005219251247772	-0.08900370363680796	-0.08972489485964491	-0.08973019417695065	-0.07208617348339988	-0.07205137185917228	-0.0719951122866538	-0.08975014414511509	-0.07201581418169677	-0.1119076982602488	-0.07209263747588841	-0.04364293094190998
0	0	0.01655119766673672	1.232119065788936	-0.2104572397422636	-0.07325367116879027	-0.07345049550125933	-0.1288324775930865	-0.1288619573029283	-0.129046885514991	-0.07342415850691517	-0.1287406648055553	-0.06671327909819398	-0.1289317110917971	-0.1069577231298951
0	0	0.1064189942504301	1.19340074016647	-0.1960317840934528	-0.09299087198116153	-0.09307991856025162	-0.1272274997148136	-0.1272097020617936	-0.1274447694643854	-0.09310408928864269	-0.1271398153451574	-0.1066417983392086	-0.1272955189783993	-0.08165396658963611
0	0	-0.2672009358053337	1.371495203779117	-0.1020674505110382	-0.1081445158619298	-0.108141819628387	-0.08714833914083964	-0.08711601428437404	-0.08708650541951755	-0.1081506255353161	-0.08709320580959296	-0.1446971051250537	-0.08717898480355452	-0.09746970185418387
0	0	-0.05987302863677132	0.9594923511929525	-0.09136351037211168	-0.08697352885805663	-0.08697066386392666	-0.07833941733173738	-0.07831392106863481	-0.07832278422688201	-0.08699341673039247	-0.07828924660230697	-0.1009884105066731	-0.07837727798639363	-0.0546871450090693
0	0	-0.03004777579212915	1.515618244436858	-0.2373219905218946	-0.09569001726469735	-0.09592414680927085	-0.1477771927684838	-0.1477756446147373	-0.1480383804734846	-0.09595165772226912	-0.1476708163619478	-0.09808207924743385	-0.1478584893413926	-0.123480053519121
0	0	0.1593152294599312	1.056186280961174	-0.1069663822266601	-0.1371182751625544	-0.1372373163824346	-0.09887100142216595	-0.09884938207215904	-0.09873750678134263	-0.1371900546518383	-0.09871420192805311	-0.08932323804284713	-0.09886585218556536	-0.1136282995654912
0	0	0.5518240058214835	0.645600114893458	-0.2086259883751392	-0.08166066218807266	-0.08177571235515067	-0.1279257674322974	-0.1278576412599914	-0.1280665780470527	-0.0817256641802936	-0.1277725470917787	-0.04517601550032881	-0.1279576034638298	-0.0588799408210109
0	1	0.1718877246135682	1.170397255537141	-0.2109590917299169	-0.08926399202482188	-0.08941007935978525	-0.1300436435924642	-0.1300223739244804	-0.1302715535572808	-0.08943042098583122	-0.1299555044740678	-0.1142919302949118	-0.1300841273781886	-0.0985522628289653
0	0	0.06104010743541896	1.060620472024508	-0.1922409115244671	-0.06615339694970894	-0.06632198901024204	-0.1111242651618979	-0.1111263505211235	-0.1112783187305599	-0.06628252700130759	-0.1110430799018138	-0.07832242368835107	-0.1111813890112172	-0.09658592795924117
1	0	0.6187025412032201	0.5901349995959744	-0.2137747978385675	-0.07972876570893378	-0.07986080038587592	-0.1226528861734515	-0.1225803966356192	-0.1227728857848311	-0.07979580575888973	-0.1224962647272652	-0.04336392547126294	-0.122672801830069	-0.09913821048443293
0	0	-0.1075112446202485	0.9947559796515042	-0.08872703516063116	-0.0926647388314726	-0.09273708801625281	-0.08428743830303763	-0.08430003816030866	-0.08428819354141237	-0.09275787016199767	-0.0842182464495192	0.009763338708610941	-0.08432705415768334	-0.1087003709575554
0	0	0.1010183217310362	1.069838390458886	-0.1058143672613766	-0.1204636497537352	-0.1205341704684228	-0.09845642466226263	-0.09844872442142917	-0.09844980332830458	-0.1205440385155331	-0.09838277021288067	-0.1238894680511878	-0.09852315862086018	-0.08735013689393363
0	0	0.1800533638128327	1.044110288514486	-0.1974221608725951	-0.08159593779108809	-0.08169839775452814	-0.1230024106409578	-0.1230080217325917	-0.1232309055037401	-0.08166082177730144	-0.1229415933270812	-0.06939558628003517	-0.1231134223843925	-0.097094394263011
0	0	0.2413254131132362	0.8120372472443701	-0.09568285076820426	-0.1141495416227107	-0.1141646980436634	-0.08675808642684278	-0.08675502216694833	-0.08673747220609733	-0.1143149033879013	-0.08668971572256783	-0.1396933709789762	-0.08680652900186533	-0.04161047003183351
0	0	-0.2863571604362773	1.263675697203836	-0.08367135807263139	-0.1120457733676199	-0.1120295284130041	-0.05673233132525569	-0.05664308821836536	-0.05633568339928444	-0.1119607699133885	-0.05661683397998996	-0.1508186792682244	-0.05669711248814032	-0.1237673783216631
0	0	0.200283913438438	0.9819940106544133	-0.1142251840455047	-0.1243257561011066	-0.1244067928267928	-0.1040673887111201	-0.1040811846218161	-0.104089968602031	-0.1244281636339338	-0.1039811630899213	-0.05087489604607288	-0.1041228256940807	-0.1236746007204759
0	1	0.1764925951754375	1.003337853055762	-0.1104441547822638	-0.1176829886694134	-0.1177227667018486	-0.09950372242789314	-0.09949483470927127	-0.09954113891324459	-0.1178696673558442	-0.09941440057293305	-0.1411870686321078	-0.09954812341590863	-0.07742158205047552
0	0	0.04165109563385481	1.235862843793529	-0.1934829399354578	-0.0846926199871943	-0.08477090195497133	-0.1236504442481076	-0.1236049221300969	-0.1238245219890931	-0.08486432861013984	-0.1235472805033617	-0.09081229429869381	-0.1237032461781871	-0.1205604395920844
0	0	0.1040924846676413	0.8599995968933734	-0.07773093495742957	-0.1028754450905085	-0.1029767417668024	-0.07276029601923589	-0.07266921288873844	-0.07259983867288194	-0.1029444236439022	-0.0725942548060919	-0.08522239409991757	-0.07275208024099092	-0.1289664593745202
0	0	0.4167316873491235	0.7667194297805318	-0.1755152444571249	-0.0882799966649547	-0.08834755272027076	-0.1210692862756293	-0.1210227324586746	-0.1213177926066066	-0.08840412438574075	-0.1209791496650141	-0.09709975388514784	-0.1211045976065131	-0.04031088640398161
0	0	0.2384090578117696	0.7982506443375373	-0.09269348056566833	-0.1113437336416213	-0.1114277905533851	-0.08212180725976935	-0.08212033559356709	-0.08196790378826498	-0.111427830413478	-0.08201403352097712	-0.1169363694880471	-0.08216048576703323	-0.08244593155750157
0	0	-0.02765167314524602	1.339473825148037	-0.2241536124467141	-0.0822222126526443	-0.08238152753383707	-0.1299702944854943	-0.1300020387338773	-0.1302121998461004	-0.08236796629585398	-0.1298900025479287	-0.08327611563995786	-0.1300643455913182	-0.1072818362290675
0	1	0.4756897883289125	0.6898902304847857	-0.1778813151356134	-0.08218333395484308	-0.08227141677037693	-0.112340662390228	-0.1123153212733057	-0.1125043331297845	-0.08227732385004041	-0.1122402662594912	-0.1003840910932496	-0.1123990141978684	-0.07878294075890029
0	0	0.01734768860634663	1.078390227655325	-0.1831578590609093	-0.06448094533395304	-0.06454445019493255	-0.09984502096629004	-0.09975104538256725	-0.09990075258431395	-0.06454103741554221	-0.09974959669910953	-0.1006809437781074	-0.09985668368614113	-0.1192295811598106
0	0	0.3721116071017424	1.143671200310102	-0.2254302063511536	-0.105757639490511	-0.1059074246455095	-0.1523358219860088	-0.152321745355393	-0.1526171227090568	-0.1059439355591821	-0.1522393408991887	-0.09212058253005327	-0.1524069833928854	-0.1187020044929055
0	0	-0.12398335000147	1.253249712697563	-0.1007851684712182	-0.1129967247964768	-0.113092621244025	-0.09250386356493009	-0.09251019197227184	-0.09251427640559751	-0.1131335828164325	-0.09242256175912981	-0.1260180856397393	-0.09254597707257581	-0.1007433089536991
0	0	-0.05269840682340175	1.098647247177587	-0.09308413012830918	-0.1074546675580415	-0.1075163170669727	-0.09231835649931526	-0.09231994577517856	-0.09228732387832966	-0.1075463921518598	-0.09225066668350217	-0.08464266960380341	-0.09235804313164203	-0.08417032787723541
0	0	0.09518310516331581	1.226230316512814	-0.2127899517003509	-0.08648048943892073	-0.08663273786068901	-0.1287966745662371	-0.1287763434416751	-0.1290183886775998	-0.08666964188689433	-0.1286913201293106	-0.09019341726929558	-0.1288617451457068	-0.1145027115594537
1	0	0.800924017389652	0.3226754093394684	-0.1850886149566081	-0.07325446151107731	-0.07339356684836608	-0.1131928750696358	-0.1131288991245052	-0.1133646173895119	-0.07337887729850169	-0.113084868152618	-0.0874306525265329	-0.1132357567486698	-0.06504623710309702
0	0	0.5005900474767515	0.6746522632746204	-0.1052590916829144	-0.1181955765450831	-0.1182531502252459	-0.1036608862326058	-0.1036791652965289	-0.103672761254246	-0.1183062609105264	-0.1035690133319383	-0.1152949732662138	-0.1037172440993516	-0.08163418790672196
0	1	-0.2054087963822821	1.310571421623081	-0.200062566632767	-0.07809908632217662	-0.07818282225646406	-0.1133728525705998	-0.1133012987608153	-0.1134717891260739	-0.07817018924262682	-0.1132036129832729	-0.0486502210995431	-0.1133859153778553	-0.0552622708686069
0	0	-0.07790889409603641	0.9694997154752646	-0.08243499548682463	-0.1019323429587369	-0.1020180615836227	-0.07054916688591041	-0.07047397391449331	-0.07031990854991851	-0.1020197168531153	-0.07033473737307	-0.0849574312085168	-0.07051410328571238	-0.06603638327931162
0	0	0.2618308959386942	0.8906368650284598	-0.2269661349186441	-0.06509264332311551	-0.06529362822905205	-0.1135356235899083	-0.1134822389092653	-0.113621425113048	-0.06519577614087055	-0.1133881441101399	-0.06261367806588038	-0.1135598329621326	-0.09971863560510247
0	0	-0.2090073363393686	1.309294617756085	-0.1084869986132262	-0.1004269750717021	-0.1004412387081073	-0.09129788966853881	-0.09130341216766583	-0.09127381815979049	-0.1004234166819178	-0.09124731673104089	-0.1116599304700562	-0.09135650852816669	-0.1223697766165078
0	0	-0.05731132650730737	1.222120651638635	-0.1031566597308764	-0.1205694438765036	-0.1206223023375099	-0.09087969201190171	-0.09082916205996899	-0.09082325915670032	-0.1207622801097881	-0.09076654366081924	-0.1415009968610517	-0.09087829432960566	-0.1040206909966074
0	0	-0.1441529835755123	1.202026177871112	-0.09348029245157442	-0.103463543368933	-0.1034531619020589	-0.08491708130767911	-0.0848975065663183	-0.08485733074074138	-0.1034809057395919	-0.08487887292628972	-0.119849651350559	-0.08495157241521797	-0.1096432755266414
0	0	-0.3100842175249666	1.604957541483861	-0.2114804418584459	-0.08785325910436861	-0.08802684207599577	-0.1339621116527933	-0.1339492143009781	-0.1341872707502441	-0.08806057246501588	-0.1338548472088189	-0.0216499421302331	-0.1340239309576002	-0.1278248914544043
0	0	0.0280466415153276	0.9506659208163979	-0.1670394557564505	-0.06057986247578062	-0.06072275677087795	-0.09776878945966723	-0.09779397207342472	-0.09794407910506041	-0.06073187538842284	-0.09771297791281976	-0.05819873233033757	-0.09784121964662151	-0.08237884141226426
0	1	0.5595125052092021	0.639211159735957	-0.192833384242003	-0.08032095021418391	-0.08045548807043673	-0.1152553313513767	-0.1151914098552979	-0.1153879605726064	-0.08052040958113679	-0.1151338996388154	-0.06393319703401625	-0.1152851372172643	-0.1244064971680262
0	0	-0.09462012653954961	1.25196876502147	-0.1050221866254861	-0.1161078107337833	-0.1162184421216838	-0.09668787302522593	-0.09671813667706516	-0.09665640028385818	-0.1162355418828044	-0.09660494706465797	-0.1216450398474224	-0.09673459335147436	-0.09871766686846364
0	0	0.485293304478516	0.5623949176538241	-0.1718879864724255	-0.07687382572951547	-0.07699381901341236	-0.1071195398760497	-0.1070666002414028	-0.1072590386739866	-0.07696102359117837	-0.1069998620266449	-0.03392873758916626	-0.1071527900068317	-0.07544499891172948
0	0	0.2922666974731648	1.007114678660626	-0.2636081095353744	-0.06793035707687178	-0.06815039927930269	-0.1300665183303252	-0.1300003437591445	-0.1301805843390914	-0.06804027334765587	-0.129893055618819	-0.0575370563285347	-0.1300879402754321	-0.1238867382432447
0	0	0.1106022879564581	1.185083139198377	-0.1225180290300268	-0.1269524173987422	-0.1270464123862856	-0.1103104228994051	-0.1103058678947316	-0.1103574556126852	-0.1271514073216642	-0.1102191301364062	-0.1120397718083615	-0.1103495885561346	-0.1284349241103957
0	1	0.4873618823086097	0.6621342524267559	-0.1844304934130672	-0.0793769287143741	-0.07950666719208239	-0.1175888491126717	-0.1175244358926931	-0.117799653672674	-0.07951829845716449	-0.1174808002107218	-0.05647251755405495	-0.117618440968175	-0.08217904954768987
0	0	0.1951136634240954	0.971582556206938	-0.1945970412678157	-0.07651811809430331	-0.07666377641269995	-0.1257304443832635	-0.1256910467114691	-0.1259538908841783	-0.07668616266014525	-0.1256244969439492	-0.04186161026543651	-0.1257750790941065	-0.07159455291366867
0	0	0.1678344685026911	0.9980121161025437	-0.2088136282283748	-0.07847005540884289	-0.07858967670110385	-0.1207703254627998	-0.120734840971725	-0.1209280859606966	-0.0785673503069227	-0.1206574128591561	-0.09202755498189805	-0.1208483881413393	-0.02543926558237822
0	0	0.273955007923028	1.391386693421735	-0.1957109027871279	-0.1531019044915188	-0.1531487257847071	-0.1780136712471689	-0.1779899334550315	-0.1785030001518255	-0.1533667730445152	-0.1779184410873782	-0.0413194797953755	-0.1781308891801248	-0.07813798031999369
Now it's... http://t.co/0XUqHnXoqZ"	**not in training**	-0.1477657879130744	0.110681552843597	-0.2324439801325846	0.114554881312887	0.1141543170916002	0.01646998002966737	0.01649942387924467	0.01699436578131288	0.1148065876770747	0.01660442443153656	-0.04192072526406129	0.01657580075050273	-0.1152108404877076
1	1	0.7360411269914586	0.2379317564792439	-0.09364680820056216	-0.1108828953983887	-0.1109782933101224	-0.08059701831053291	-0.08057269937687797	-0.08057973522377881	-0.1110348242032453	-0.08050543503244885	-0.06699361926632867	-0.08061015886250646	-0.0775713962859155
0	0	0.006727473660633296	1.223862022586066	-0.1182469900400936	-0.1263727226103226	-0.126445499258788	-0.09971057142700282	-0.09967642590888681	-0.09972180884167697	-0.1265419639100379	-0.09961666266947082	-0.1232733207835889	-0.09973608092397207	-0.1112474498728643
0	0	0.4281363052881764	0.9876297720643835	-0.2452087934092612	-0.09135955875143779	-0.09157848052168613	-0.1437781973485318	-0.1437574392495135	-0.1439877961185049	-0.09145951522669557	-0.1436688103719025	-0.04852122584447276	-0.1438421783785998	-0.1286040821319587
0	0	0.01645639338676222	1.128824481998258	-0.09805686062198071	-0.1137720785535984	-0.1138779800663777	-0.09508817202293689	-0.09509327075397754	-0.09507697874007269	-0.1139265925932398	-0.09499958537064862	-0.09529822946615557	-0.09511732382365985	-0.1349738033723762
0	0	-0.1813980514867659	1.359431572052307	-0.1103790724694875	-0.1149078391642549	-0.1148970875389819	-0.09214692568287344	-0.0921101519532347	-0.0920369313562555	-0.1149096360785916	-0.09206732116011893	-0.1411884505560971	-0.09217709494263659	-0.1212130096630134
0	0	0.05979412169040127	0.9800224756421194	-0.1011000696556224	-0.1112178026451956	-0.1112054830743017	-0.08105565429496665	-0.08103347613166162	-0.08088954152932609	-0.1111952065457858	-0.08099433055506036	-0.1066321638668828	-0.08108741920146574	-0.09340544983225896
0	0	0.01946440529583162	1.189839210292344	-0.2011513967962054	-0.08583012819383154	-0.08592393042286324	-0.1193074116208369	-0.1192511050631256	-0.11942752925108	-0.08597020793198923	-0.119165533468128	-0.1037616023291726	-0.119330544879031	-0.0501842256319164
0	1	0.1037744448917724	0.9673569120614133	-0.09407463047896358	-0.1194637551083665	-0.119528718421487	-0.08376270087567431	-0.08376361866585273	-0.08364387207019988	-0.1195383688085081	-0.08366913710332671	-0.1354523216424214	-0.08379337126803463	-0.06444086251035597
0	0	0.185911924462775	1.052087783216892	-0.1073668534352784	-0.1291369553162682	-0.1291966577254709	-0.09856965423094471	-0.09855410324017799	-0.09854551546147958	-0.129297190105482	-0.09845241473001165	-0.1518511841002794	-0.09859036832662628	-0.09843881100765353
